1870.49
1673.02
1553.61
1470.92
1408.34
1358.18
1316.38
1280.60
1249.36
1221.69
1196.91
1174.54
1154.21
1135.67
1118.70
1103.15
1088.91
1075.88
1063.99
1053.19
1043.43
1034.70
1026.96
1020.21
1014.43
1009.62
1005.77
1002.89
1000.96
1000.00
1673.02
1594.95
1516.89
1450.81
1395.93
1349.82
1310.37
1276.05
1245.79
1218.80
1194.51
1172.49
1152.43
1134.09
1117.27
1101.85
1087.70
1074.74
1062.90
1052.14
1042.42
1033.70
1025.98
1019.24
1013.46
1008.65
1004.81
1001.92
1000.00
999.04
1553.61
1516.89
1468.19
1419.48
1374.77
1334.78
1299.21
1267.46
1238.96
1213.21
1189.83
1168.48
1148.93
1130.98
1114.47
1099.27
1085.30
1072.47
1060.74
1050.05
1040.39
1031.71
1024.02
1017.29
1011.53
1006.73
1002.88
1000.00
998.08
997.11
1470.92
1450.81
1419.48
1384.17
1348.87
1315.34
1284.23
1255.62
1229.36
1205.26
1183.10
1162.68
1143.84
1126.43
1110.34
1095.47
1081.75
1069.11
1057.53
1046.95
1037.36
1028.74
1021.09
1014.39
1008.64
1003.84
1000.00
997.12
995.19
994.23
1408.34
1395.93
1374.77
1348.87
1321.18
1293.49
1266.76
1241.41
1217.61
1195.37
1174.63
1155.31
1137.32
1120.57
1104.99
1090.52
1077.11
1064.71
1053.30
1042.86
1033.37
1024.82
1017.20
1010.53
1004.79
1000.00
996.16
993.27
991.35
990.38
1358.18
1349.82
1334.78
1315.34
1293.49
1270.69
1247.89
1225.66
1204.31
1183.98
1164.75
1146.61
1129.55
1113.53
1098.53
1084.51
1071.45
1059.32
1048.12
1037.82
1028.43
1019.95
1012.38
1005.73
1000.00
995.21
991.36
988.47
986.54
985.57
1316.38
1310.37
1299.21
1284.23
1266.76
1247.89
1228.46
1209.03
1189.97
1171.50
1153.76
1136.83
1120.73
1105.48
1091.09
1077.55
1064.86
1053.01
1042.02
1031.87
1022.59
1014.17
1006.64
1000.00
994.27
989.47
985.61
982.71
980.76
979.79
1280.60
1276.05
1267.46
1255.62
1241.41
1225.66
1209.03
1192.03
1175.03
1158.29
1141.98
1126.21
1111.06
1096.58
1082.80
1069.74
1057.42
1045.86
1035.07
1025.07
1015.87
1007.51
1000.00
993.36
987.62
982.80
978.91
975.98
974.02
973.04
1249.36
1245.79
1238.96
1229.36
1217.61
1204.31
1189.97
1175.03
1159.84
1144.65
1129.65
1114.98
1100.73
1086.98
1073.78
1061.19
1049.22
1037.93
1027.32
1017.45
1008.33
1000.00
992.49
985.83
980.05
975.18
971.26
968.29
966.30
965.30
1221.69
1218.80
1213.21
1205.26
1195.37
1183.98
1171.50
1158.29
1144.65
1130.82
1117.00
1103.31
1089.89
1076.82
1064.17
1052.00
1040.36
1029.30
1018.86
1009.08
1000.00
991.67
984.13
977.41
971.57
966.63
962.64
959.61
957.58
956.57
1196.91
1194.51
1189.83
1183.10
1174.63
1164.75
1153.76
1141.98
1129.65
1117.00
1104.19
1091.39
1078.71
1066.24
1054.08
1042.29
1030.92
1020.05
1009.73
1000.00
990.92
982.55
974.93
968.13
962.18
957.14
953.05
949.95
947.86
946.81
1174.54
1172.49
1168.48
1162.68
1155.31
1146.61
1136.83
1126.21
1114.98
1103.31
1091.39
1079.35
1067.31
1055.37
1043.62
1032.14
1021.00
1010.26
1000.00
990.27
981.14
972.68
964.93
957.98
951.88
946.70
942.47
939.26
937.10
936.01
1154.21
1152.43
1148.93
1143.84
1137.32
1129.55
1120.73
1111.06
1100.73
1089.89
1078.71
1067.31
1055.80
1044.30
1032.89
1021.65
1010.66
1000.00
989.74
979.95
970.70
962.07
954.14
946.99
940.68
935.29
930.89
927.53
925.26
924.12
1135.67
1134.09
1130.98
1126.43
1120.57
1113.53
1105.48
1096.58
1086.98
1076.82
1066.24
1055.37
1044.30
1033.14
1021.98
1010.91
1000.00
989.34
979.00
969.08
959.64
950.78
942.58
935.14
928.55
922.89
918.25
914.70
912.30
911.09
1118.70
1117.27
1114.47
1110.34
1104.99
1098.53
1091.09
1082.80
1073.78
1064.17
1054.08
1043.62
1032.89
1021.98
1010.99
1000.00
989.09
978.35
967.86
957.71
948.00
938.81
930.26
922.45
915.49
909.48
904.53
900.73
898.15
896.85
1103.15
1101.85
1099.27
1095.47
1090.52
1084.51
1077.55
1069.74
1061.19
1052.00
1042.29
1032.14
1021.65
1010.91
1000.00
989.01
978.02
967.11
956.38
945.92
935.83
926.22
917.20
908.91
901.47
895.01
889.66
885.53
882.73
881.30
1088.91
1087.70
1085.30
1081.75
1077.11
1071.45
1064.86
1057.42
1049.22
1040.36
1030.92
1021.00
1010.66
1000.00
989.09
978.02
966.86
955.70
944.63
933.76
923.18
913.02
903.42
894.52
886.47
879.43
873.57
869.02
865.91
864.33
1075.88
1074.74
1072.47
1069.11
1064.71
1059.32
1053.01
1045.86
1037.93
1029.30
1020.05
1010.26
1000.00
989.34
978.35
967.11
955.70
944.20
932.69
921.29
910.11
899.27
888.94
879.27
870.45
862.68
856.16
851.07
847.57
845.79
1063.99
1062.90
1060.74
1057.53
1053.30
1048.12
1042.02
1035.07
1027.32
1018.86
1009.73
1000.00
989.74
979.00
967.86
956.38
944.63
932.69
920.65
908.61
896.69
885.02
873.79
863.17
853.39
844.69
837.32
831.52
827.51
825.46
1053.19
1052.14
1050.05
1046.95
1042.86
1037.82
1031.87
1025.07
1017.45
1009.08
1000.00
990.27
979.95
969.08
957.71
945.92
933.76
921.29
908.61
895.81
883.00
870.35
858.02
846.24
835.25
825.37
816.90
810.17
805.49
803.09
1043.43
1042.42
1040.39
1037.36
1033.37
1028.43
1022.59
1015.87
1008.33
1000.00
990.92
981.14
970.70
959.64
948.00
935.83
923.18
910.11
896.69
883.00
869.18
855.35
841.71
828.50
816.02
804.63
794.74
786.79
781.20
778.31
1034.70
1033.70
1031.71
1028.74
1024.82
1019.95
1014.17
1007.51
1000.00
991.67
982.55
972.68
962.07
950.78
938.81
926.22
913.02
899.27
885.02
870.35
855.35
840.16
824.97
810.03
795.69
782.39
770.64
761.04
754.21
750.64
1026.96
1025.98
1024.02
1021.09
1017.20
1012.38
1006.64
1000.00
992.49
984.13
974.93
964.93
954.14
942.58
930.26
917.20
903.42
888.94
873.79
858.02
841.71
824.97
807.97
790.97
774.34
758.59
744.38
732.54
723.95
719.40
1020.21
1019.24
1017.29
1014.39
1010.53
1005.73
1000.00
993.36
985.83
977.41
968.13
957.98
946.99
935.14
922.45
908.91
894.52
879.27
863.17
846.24
828.50
810.03
790.97
771.54
752.11
733.24
715.77
700.79
689.63
683.62
1014.43
1013.46
1011.53
1008.64
1004.79
1000.00
994.27
987.62
980.05
971.57
962.18
951.88
940.68
928.55
915.49
901.47
886.47
870.45
853.39
835.25
816.02
795.69
774.34
752.11
729.31
706.51
684.66
665.22
650.18
641.82
1009.62
1008.65
1006.73
1003.84
1000.00
995.21
989.47
982.80
975.18
966.63
957.14
946.70
935.29
922.89
909.48
895.01
879.43
862.68
844.69
825.37
804.63
782.39
758.59
733.24
706.51
678.82
651.13
625.23
604.07
591.66
1005.77
1004.81
1002.88
1000.00
996.16
991.36
985.61
978.91
971.26
962.64
953.05
942.47
930.89
918.25
904.53
889.66
873.57
856.16
837.32
816.90
794.74
770.64
744.38
715.77
684.66
651.13
615.83
580.52
549.19
529.08
1002.89
1001.92
1000.00
997.12
993.27
988.47
982.71
975.98
968.29
959.61
949.95
939.26
927.53
914.70
900.73
885.53
869.02
851.07
831.52
810.17
786.79
761.04
732.54
700.79
665.22
625.23
580.52
531.81
483.11
446.39
1000.96
1000.00
998.08
995.19
991.35
986.54
980.76
974.02
966.30
957.58
947.86
937.10
925.26
912.30
898.15
882.73
865.91
847.57
827.51
805.49
781.20
754.21
723.95
689.63
650.18
604.07
549.19
483.11
405.05
326.98
1000.00
999.04
997.11
994.23
990.38
985.57
979.79
973.04
965.30
956.57
946.81
936.01
924.12
911.09
896.85
881.30
864.33
845.79
825.46
803.09
778.31
750.64
719.40
683.62
641.82
591.66
529.08
446.39
326.98
129.51
