-7495	-7492	-7488	-7485	-7482	-7479	-7476	-7473	-7469	-7466	-7463	-7460	-7457	-7453	-7450	-7447	-7444	-7441	-7437	-7434	-7431	-7428	-7424	-7421	-7418	-7415	-7412	-7408	-7405	-7402	-7398	-7394	-7390	-7385	-7380	-7376	-7371	-7366	-7361	-7357	-7352	-7347	-7342	-7338	-7333	-7328	-7323	-7319	-7314	-7309	-7304	-7300	-7295	-7290	-7285	-7281	-7276	-7271	-7267	-7262	-7257	-7252	-7248	-7243	-7238	-7233	-7229	-7224	-7219	-7215	0	0	0	0	0	0	0	0	0	0
-7490	-7486	-7483	-7479	-7475	-7472	-7469	-7465	-7462	-7459	-7456	-7453	-7449	-7446	-7443	-7440	-7437	-7434	-7430	-7427	-7424	-7421	-7418	-7414	-7411	-7408	-7405	-7402	-7399	-7394	-7389	-7383	-7380	-7377	-7373	-7368	-7364	-7360	-7355	-7351	-7346	-7342	-7337	-7332	-7328	-7323	-7318	-7313	-7309	-7304	-7299	-7295	-7290	-7285	-7280	-7276	-7271	-7266	-7261	-7257	-7252	-7247	-7243	-7238	-7233	-7228	-7224	-7219	-7214	-7209	0	0	0	0	0	0	0	0	0	0
-7484	-7480	-7477	-7474	-7470	-7466	-7462	-7459	-7455	-7452	-7449	-7446	-7442	-7439	-7435	-7432	-7429	-7426	-7423	-7420	-7417	-7414	-7411	-7407	-7404	-7401	-7397	-7393	-7388	-7383	-7378	-7372	-7368	-7365	-7362	-7359	-7355	-7351	-7347	-7343	-7338	-7334	-7330	-7326	-7321	-7317	-7312	-7307	-7303	-7298	-7294	-7289	-7285	-7280	-7275	-7270	-7266	-7261	-7256	-7251	-7247	-7242	-7237	-7232	-7228	-7223	-7218	-7214	-7209	-7204	0	0	0	0	0	0	0	0	0	0
-7477	-7475	-7471	-7467	-7464	-7461	-7457	-7453	-7450	-7446	-7442	-7439	-7436	-7432	-7429	-7426	-7422	-7419	-7416	-7412	-7409	-7406	-7403	-7399	-7394	-7390	-7385	-7380	-7377	-7371	-7366	-7362	-7356	-7353	-7350	-7347	-7344	-7341	-7337	-7334	-7330	-7326	-7321	-7317	-7313	-7308	-7304	-7300	-7296	-7291	-7287	-7282	-7278	-7273	-7269	-7264	-7259	-7255	-7250	-7246	-7241	-7237	-7232	-7227	-7222	-7218	-7213	-7208	-7204	-7200	0	0	0	0	0	0	0	0	0	0
-7471	-7469	-7465	-7462	-7458	-7455	-7452	-7448	-7444	-7440	-7437	-7433	-7429	-7425	-7422	-7419	-7416	-7413	-7409	-7406	-7403	-7398	-7392	-7387	-7382	-7377	-7372	-7367	-7364	-7360	-7355	-7350	-7346	-7341	-7338	-7335	-7332	-7329	-7326	-7323	-7320	-7316	-7312	-7308	-7304	-7300	-7296	-7291	-7287	-7283	-7278	-7274	-7270	-7266	-7261	-7257	-7252	-7248	-7243	-7239	-7234	-7230	-7225	-7221	-7216	-7212	-7207	-7202	-7198	-7192	0	0	0	0	0	0	0	0	0	0
-7465	-7463	-7459	-7456	-7453	-7449	-7446	-7443	-7439	-7435	-7431	-7428	-7424	-7420	-7417	-7413	-7409	-7406	-7403	-7399	-7392	-7386	-7380	-7374	-7368	-7364	-7359	-7355	-7350	-7348	-7344	-7338	-7334	-7330	-7326	-7323	-7320	-7317	-7314	-7311	-7308	-7305	-7302	-7298	-7295	-7291	-7287	-7283	-7278	-7274	-7270	-7266	-7261	-7257	-7253	-7248	-7244	-7240	-7236	-7231	-7227	-7223	-7218	-7213	-7209	-7204	-7200	-7196	-7190	-7184	0	0	0	0	0	0	0	0	0	0
-7459	-7457	-7454	-7450	-7447	-7444	-7440	-7436	-7433	-7430	-7426	-7422	-7419	-7415	-7411	-7407	-7404	-7400	-7393	-7386	-7380	-7373	-7368	-7361	-7356	-7351	-7347	-7342	-7337	-7335	-7332	-7327	-7322	-7319	-7314	-7311	-7309	-7306	-7303	-7299	-7296	-7293	-7290	-7287	-7284	-7281	-7277	-7273	-7269	-7265	-7261	-7257	-7253	-7248	-7244	-7240	-7236	-7231	-7227	-7223	-7218	-7214	-7210	-7206	-7201	-7197	-7192	-7188	-7182	-7176	0	0	0	0	0	0	0	0	0	0
-7453	-7451	-7448	-7444	-7441	-7438	-7434	-7430	-7427	-7424	-7421	-7417	-7413	-7409	-7406	-7402	-7398	-7388	-7380	-7373	-7365	-7360	-7354	-7349	-7343	-7338	-7334	-7329	-7325	-7321	-7319	-7316	-7310	-7306	-7304	-7298	-7296	-7294	-7291	-7288	-7285	-7281	-7278	-7275	-7272	-7269	-7266	-7263	-7259	-7256	-7252	-7248	-7244	-7240	-7236	-7231	-7227	-7223	-7218	-7214	-7210	-7206	-7201	-7197	-7192	-7188	-7183	-7179	-7174	-7169	0	0	0	0	0	0	0	0	0	0
-7447	-7445	-7442	-7439	-7435	-7432	-7429	-7425	-7421	-7417	-7415	-7412	-7408	-7404	-7400	-7393	-7386	-7377	-7367	-7359	-7352	-7347	-7341	-7337	-7331	-7325	-7320	-7317	-7312	-7307	-7305	-7302	-7299	-7294	-7291	-7287	-7284	-7282	-7279	-7276	-7273	-7270	-7266	-7263	-7260	-7257	-7254	-7251	-7248	-7245	-7241	-7238	-7234	-7230	-7226	-7222	-7218	-7214	-7210	-7206	-7201	-7198	-7193	-7188	-7184	-7179	-7175	-7170	-7166	-7161	0	0	0	0	0	0	0	0	0	0
-7441	-7439	-7436	-7433	-7429	-7426	-7423	-7419	-7416	-7412	-7408	-7405	-7402	-7398	-7389	-7380	-7372	-7364	-7356	-7346	-7339	-7331	-7328	-7322	-7319	-7312	-7307	-7303	-7299	-7294	-7291	-7289	-7286	-7283	-7277	-7276	-7271	-7269	-7267	-7264	-7261	-7258	-7255	-7252	-7248	-7245	-7242	-7239	-7236	-7233	-7230	-7227	-7224	-7220	-7216	-7213	-7209	-7205	-7201	-7198	-7194	-7189	-7184	-7180	-7175	-7170	-7166	-7161	-7157	-7152	0	0	0	0	0	0	0	0	0	0
-7435	-7432	-7430	-7427	-7424	-7420	-7417	-7414	-7410	-7406	-7402	-7397	-7391	-7384	-7377	-7368	-7359	-7351	-7343	-7335	-7326	-7318	-7313	-7308	-7304	-7300	-7294	-7290	-7286	-7282	-7278	-7276	-7273	-7270	-7266	-7262	-7260	-7256	-7254	-7252	-7249	-7246	-7243	-7240	-7237	-7234	-7230	-7227	-7224	-7221	-7218	-7215	-7212	-7209	-7206	-7202	-7199	-7196	-7194	-7189	-7185	-7181	-7176	-7171	-7166	-7162	-7157	-7152	-7148	-7143	0	0	0	0	0	0	0	0	0	0
-7429	-7426	-7424	-7421	-7418	-7414	-7411	-7408	-7405	-7401	-7394	-7385	-7376	-7369	-7363	-7356	-7347	-7338	-7330	-7322	-7314	-7305	-7298	-7295	-7289	-7287	-7282	-7276	-7273	-7269	-7264	-7262	-7260	-7257	-7254	-7250	-7247	-7245	-7242	-7240	-7237	-7234	-7231	-7228	-7225	-7222	-7219	-7216	-7212	-7209	-7206	-7203	-7200	-7200	-7196	-7193	-7190	-7187	-7184	-7181	-7176	-7172	-7168	-7163	-7158	-7153	-7149	-7144	-7139	-7135	0	0	0	0	0	0	0	0	0	0
-7423	-7420	-7418	-7415	-7412	-7409	-7405	-7402	-7398	-7390	-7382	-7373	-7365	-7356	-7348	-7341	-7334	-7326	-7317	-7309	-7301	-7293	-7284	-7279	-7276	-7272	-7269	-7263	-7259	-7256	-7252	-7248	-7246	-7244	-7241	-7238	-7234	-7232	-7229	-7227	-7225	-7222	-7219	-7216	-7213	-7211	-7207	-7204	-7201	-7200	-7198	-7195	-7192	-7190	-7188	-7184	-7181	-7178	-7175	-7173	-7168	-7163	-7159	-7155	-7150	-7145	-7140	-7135	-7131	-7126	0	0	0	0	0	0	0	0	0	0
-7417	-7414	-7412	-7409	-7406	-7403	-7400	-7396	-7387	-7378	-7369	-7361	-7353	-7345	-7336	-7327	-7320	-7313	-7305	-7296	-7288	-7280	-7271	-7264	-7262	-7257	-7254	-7251	-7245	-7242	-7239	-7234	-7232	-7230	-7227	-7225	-7222	-7219	-7217	-7214	-7212	-7210	-7208	-7205	-7202	-7198	-7196	-7193	-7191	-7191	-7189	-7186	-7184	-7181	-7179	-7176	-7172	-7169	-7166	-7164	-7161	-7156	-7150	-7146	-7142	-7137	-7132	-7127	-7122	-7117	0	0	0	0	0	0	0	0	0	0
-7410	-7408	-7406	-7403	-7400	-7393	-7388	-7382	-7376	-7368	-7358	-7349	-7341	-7333	-7324	-7316	-7307	-7298	-7292	-7284	-7275	-7267	-7259	-7251	-7246	-7244	-7239	-7236	-7233	-7229	-7225	-7221	-7219	-7217	-7214	-7211	-7208	-7205	-7203	-7202	-7200	-7197	-7194	-7190	-7186	-7186	-7183	-7181	-7180	-7181	-7180	-7178	-7175	-7172	-7170	-7168	-7164	-7160	-7157	-7154	-7152	-7148	-7143	-7138	-7133	-7129	-7124	-7119	-7114	-7109	0	0	0	0	0	0	0	0	0	0
-7404	-7402	-7399	-7393	-7387	-7380	-7374	-7369	-7362	-7355	-7348	-7339	-7330	-7321	-7313	-7304	-7296	-7287	-7277	-7270	-7263	-7254	-7246	-7238	-7230	-7228	-7225	-7222	-7219	-7215	-7212	-7208	-7205	-7203	-7201	-7198	-7196	-7192	-7188	-7184	-7183	-7182	-7178	-7174	-7174	-7174	-7171	-7169	-7169	-7170	-7171	-7169	-7166	-7164	-7161	-7159	-7156	-7152	-7149	-7146	-7143	-7140	-7135	-7130	-7125	-7120	-7116	-7111	-7106	-7100	0	0	0	0	0	0	0	0	0	0
-7397	-7391	-7385	-7380	-7374	-7367	-7361	-7355	-7349	-7342	-7335	-7328	-7319	-7310	-7301	-7292	-7284	-7275	-7267	-7257	-7249	-7241	-7233	-7225	-7217	-7212	-7210	-7207	-7204	-7201	-7197	-7193	-7188	-7185	-7182	-7180	-7177	-7173	-7169	-7166	-7170	-7166	-7163	-7159	-7164	-7161	-7159	-7158	-7158	-7159	-7160	-7160	-7158	-7155	-7153	-7150	-7148	-7144	-7140	-7137	-7134	-7131	-7127	-7122	-7117	-7112	-7107	-7103	-7098	-7092	0	0	0	0	0	0	0	0	0	0
-7385	-7379	-7373	-7367	-7362	-7355	-7348	-7342	-7336	-7329	-7322	-7315	-7308	-7299	-7290	-7281	-7272	-7264	-7255	-7247	-7237	-7228	-7220	-7212	-7204	-7200	-7195	-7189	-7185	-7182	-7177	-7173	-7168	-7165	-7162	-7162	-7159	-7155	-7151	-7149	-7154	-7151	-7147	-7146	-7152	-7149	-7147	-7147	-7147	-7148	-7149	-7149	-7150	-7147	-7144	-7141	-7139	-7137	-7132	-7128	-7125	-7122	-7119	-7115	-7109	-7104	-7099	-7094	-7090	-7085	0	0	0	0	0	0	0	0	0	0
-7373	-7368	-7361	-7355	-7348	-7343	-7336	-7329	-7322	-7316	-7309	-7302	-7295	-7288	-7279	-7270	-7261	-7252	-7244	-7235	-7227	-7217	-7207	-7199	-7188	-7182	-7176	-7169	-7166	-7162	-7158	-7154	-7149	-7146	-7143	-7143	-7140	-7136	-7133	-7136	-7138	-7135	-7131	-7137	-7139	-7137	-7135	-7136	-7136	-7137	-7138	-7138	-7139	-7139	-7136	-7133	-7130	-7127	-7125	-7120	-7116	-7113	-7110	-7107	-7102	-7096	-7091	-7086	-7081	-7077	0	0	0	0	0	0	0	0	0	0
-7361	-7356	-7350	-7343	-7337	-7330	-7325	-7317	-7309	-7303	-7297	-7289	-7282	-7275	-7267	-7259	-7250	-7241	-7232	-7223	-7215	-7206	-7196	-7183	-7171	-7162	-7156	-7150	-7146	-7142	-7138	-7134	-7130	-7126	-7124	-7125	-7122	-7118	-7115	-7122	-7123	-7119	-7119	-7127	-7127	-7124	-7124	-7125	-7125	-7126	-7127	-7127	-7128	-7128	-7129	-7124	-7121	-7119	-7116	-7113	-7108	-7104	-7101	-7098	-7094	-7089	-7084	-7078	-7073	-7068	0	0	0	0	0	0	0	0	0	0
-7349	-7345	-7338	-7332	-7324	-7319	-7311	-7306	-7298	-7290	-7283	-7278	-7269	-7261	-7254	-7247	-7239	-7230	-7222	-7213	-7204	-7193	-7181	-7168	-7155	-7144	-7136	-7130	-7125	-7122	-7118	-7114	-7111	-7107	-7105	-7107	-7103	-7099	-7101	-7109	-7107	-7103	-7109	-7117	-7114	-7113	-7113	-7114	-7114	-7115	-7116	-7116	-7117	-7117	-7118	-7118	-7113	-7110	-7108	-7105	-7101	-7096	-7092	-7089	-7087	-7081	-7076	-7071	-7065	-7060	0	0	0	0	0	0	0	0	0	0
-7338	-7333	-7326	-7321	-7314	-7306	-7300	-7293	-7287	-7279	-7271	-7264	-7258	-7249	-7241	-7234	-7227	-7219	-7210	-7202	-7190	-7177	-7165	-7153	-7141	-7127	-7117	-7110	-7105	-7102	-7098	-7094	-7092	-7088	-7087	-7088	-7085	-7081	-7088	-7095	-7091	-7091	-7099	-7105	-7102	-7102	-7102	-7103	-7103	-7104	-7105	-7105	-7106	-7106	-7107	-7108	-7107	-7102	-7099	-7096	-7094	-7089	-7084	-7080	-7078	-7074	-7068	-7063	-7058	-7053	0	0	0	0	0	0	0	0	0	0
-7326	-7322	-7315	-7309	-7303	-7296	-7288	-7282	-7274	-7268	-7260	-7252	-7245	-7238	-7229	-7221	-7214	-7207	-7199	-7187	-7175	-7163	-7150	-7137	-7125	-7113	-7100	-7091	-7085	-7082	-7078	-7074	-7072	-7068	-7068	-7070	-7066	-7066	-7075	-7079	-7076	-7081	-7090	-7092	-7090	-7091	-7091	-7092	-7092	-7093	-7094	-7094	-7095	-7095	-7096	-7097	-7097	-7095	-7091	-7088	-7085	-7082	-7077	-7072	-7069	-7066	-7061	-7056	-7050	-7045	0	0	0	0	0	0	0	0	0	0
-7314	-7310	-7304	-7297	-7292	-7285	-7278	-7270	-7263	-7256	-7249	-7240	-7233	-7225	-7218	-7209	-7201	-7192	-7182	-7172	-7159	-7147	-7136	-7123	-7110	-7097	-7085	-7073	-7065	-7061	-7058	-7054	-7052	-7049	-7049	-7052	-7048	-7053	-7062	-7064	-7063	-7072	-7080	-7080	-7079	-7080	-7080	-7081	-7081	-7082	-7083	-7083	-7084	-7084	-7085	-7086	-7086	-7087	-7084	-7080	-7076	-7074	-7070	-7065	-7060	-7057	-7053	-7048	-7043	-7037	0	0	0	0	0	0	0	0	0	0
-7302	-7298	-7292	-7285	-7280	-7274	-7267	-7260	-7252	-7245	-7237	-7230	-7221	-7214	-7206	-7197	-7187	-7177	-7165	-7155	-7145	-7133	-7120	-7108	-7096	-7083	-7070	-7058	-7046	-7040	-7038	-7034	-7031	-7029	-7031	-7033	-7032	-7040	-7048	-7048	-7053	-7062	-7070	-7068	-7068	-7069	-7069	-7070	-7070	-7071	-7072	-7072	-7073	-7073	-7074	-7075	-7075	-7076	-7076	-7073	-7068	-7065	-7063	-7058	-7053	-7048	-7045	-7040	-7035	-7030	0	0	0	0	0	0	0	0	0	0
-7290	-7286	-7281	-7274	-7268	-7263	-7256	-7250	-7241	-7233	-7226	-7219	-7211	-7202	-7193	-7183	-7173	-7163	-7153	-7141	-7128	-7119	-7107	-7094	-7081	-7069	-7056	-7043	-7030	-7020	-7018	-7014	-7011	-7010	-7012	-7015	-7019	-7027	-7035	-7035	-7044	-7052	-7058	-7056	-7057	-7058	-7058	-7059	-7059	-7060	-7061	-7061	-7062	-7062	-7063	-7064	-7064	-7065	-7065	-7066	-7062	-7057	-7054	-7051	-7046	-7041	-7036	-7033	-7027	-7022	0	0	0	0	0	0	0	0	0	0
-7279	-7274	-7269	-7263	-7256	-7251	-7245	-7238	-7231	-7223	-7215	-7208	-7200	-7190	-7180	-7169	-7158	-7148	-7138	-7128	-7117	-7103	-7092	-7082	-7068	-7055	-7042	-7029	-7016	-7002	-7000	-7000	-7000	-7000	-7000	-7000	-7006	-7014	-7020	-7026	-7034	-7043	-7045	-7045	-7046	-7047	-7047	-7048	-7048	-7049	-7050	-7050	-7051	-7051	-7052	-7053	-7053	-7054	-7054	-7055	-7055	-7051	-7046	-7043	-7039	-7034	-7029	-7024	-7020	-7015	0	0	0	0	0	0	0	0	0	0
-7267	-7263	-7258	-7252	-7244	-7239	-7234	-7227	-7221	-7213	-7205	-7196	-7187	-7178	-7169	-7158	-7147	-7136	-7124	-7114	-7104	-7093	-7080	-7066	-7055	-7043	-7029	-7016	-7003	-7000	-7000	-7000	-7000	-7000	-7000	-7000	-7000	-7001	-7007	-7016	-7025	-7033	-7034	-7034	-7035	-7036	-7036	-7037	-7037	-7038	-7039	-7039	-7040	-7040	-7041	-7042	-7042	-7043	-7043	-7044	-7045	-7044	-7039	-7035	-7031	-7027	-7022	-7017	-7012	-7007	0	0	0	0	0	0	0	0	0	0
-7255	-7251	-7246	-7240	-7233	-7227	-7222	-7216	-7209	-7203	-7194	-7185	-7175	-7165	-7156	-7147	-7136	-7125	-7114	-7102	-7089	-7079	-7069	-7057	-7043	-7029	-7017	-7003	-7000	-7000	-7000	-7000	-7000	-7000	-7000	-7000	-7000	-7000	-7000	-7006	-7015	-7023	-7023	-7023	-7024	-7025	-7025	-7026	-7026	-7027	-7028	-7028	-7029	-7029	-7030	-7031	-7031	-7032	-7032	-7033	-7034	-7034	-7033	-7028	-7024	-7020	-7015	-7010	-7005	-7000	0	0	0	0	0	0	0	0	0	0
-7243	-7239	-7235	-7229	-7222	-7215	-7210	-7205	-7198	-7190	-7182	-7173	-7163	-7154	-7144	-7134	-7125	-7115	-7103	-7092	-7081	-7068	-7056	-7045	-7034	-7020	-7006	-7000	-7000	-7000	-7000	-7000	-7000	-7000	-7000	-7000	-7000	-7000	-7000	-7000	-7005	-7011	-7012	-7012	-7013	-7014	-7014	-7015	-7015	-7016	-7017	-7017	-7018	-7018	-7019	-7020	-7020	-7021	-7021	-7022	-7023	-7023	-7024	-7022	-7017	-7013	-7009	-7003	-6999	-6992	0	0	0	0	0	0	0	0	0	0
-7231	-7227	-7223	-7217	-7211	-7203	-7200	-7192	-7185	-7177	-7169	-7161	-7152	-7142	-7133	-7123	-7113	-7103	-7094	-7082	-7070	-7059	-7048	-7035	-7022	-7010	-7000	-7000	-7000	-7000	-7000	-7000	-7000	-7000	-7000	-7000	-7000	-7000	-7000	-7000	-7000	-7000	-7001	-7001	-7002	-7003	-7003	-7004	-7004	-7005	-7006	-7006	-7007	-7007	-7008	-7009	-7009	-7010	-7010	-7011	-7012	-7012	-7013	-7013	-7010	-7006	-7001	-6995	-6988	-6982	0	0	0	0	0	0	0	0	0	0
-7219	-7215	-7211	-7206	-7199	-7193	-7186	-7180	-7171	-7164	-7156	-7148	-7140	-7131	-7121	-7112	-7102	-7092	-7081	-7072	-7061	-7049	-7038	-7026	-7014	-7001	-7000	-7000	-7000	-7000	-7000	-7000	-7000	-7000	-7000	-7000	-7000	-7000	-7000	-7000	-7000	-7000	-7000	-7000	-7000	-7000	-7000	-7000	-7000	-7000	-7000	-7000	-7000	-7000	-7000	-7000	-7000	-7000	-7000	-7000	-7001	-7001	-7002	-7002	-7003	-7000	-6993	-6984	-6977	-6969	-6964	-6957	-6950	-6944	-6937	-6930	-6922	-6914	-6907	0
-7208	-7204	-7200	-7193	-7187	-7180	-7173	-7166	-7160	-7152	-7143	-7135	-7127	-7119	-7109	-7100	-7090	-7081	-7071	-7061	-7050	-7040	-7028	-7017	-7005	-7000	-7000	-7000	-7000	-7000	-7000	-7000	-7000	-7000	-7000	-7000	-7000	-7000	-7000	-7000	-7000	-7000	-7000	-7000	-7000	-7000	-7000	-7000	-7000	-7000	-7000	-7000	-7000	-7000	-7000	-7000	-7000	-7000	-7000	-7000	-7000	-7000	-7000	-7000	-7000	-6992	-6983	-6974	-6966	-6958	-6951	-6947	-6940	-6933	-6927	-6920	-6912	-6904	-6896	0
-7196	-7193	-7187	-7181	-7174	-7167	-7160	-7153	-7147	-7140	-7131	-7122	-7114	-7106	-7098	-7088	-7079	-7069	-7060	-7050	-7040	-7029	-7019	-7007	-6998	-6995	-6995	-6995	-6994	-6994	-6993	-6993	-6993	-6992	-6992	-6992	-6991	-6991	-6991	-6990	-6990	-6990	-6989	-6997	-7000	-7000	-7000	-7000	-7000	-7000	-7000	-7000	-7000	-7000	-7000	-7000	-7000	-7000	-7000	-7000	-7000	-7000	-7000	-7000	-6992	-6983	-6974	-6965	-6955	-6947	-6940	-6934	-6929	-6922	-6916	-6909	-6902	-6893	-6886	0
-7188	-7179	-7176	-7168	-7162	-7155	-7147	-7140	-7133	-7127	-7120	-7111	-7102	-7093	-7085	-7077	-7067	-7058	-7048	-7039	-7029	-7020	-7009	-6998	-6988	-6978	-6977	-6977	-6976	-6976	-6976	-6975	-6975	-6975	-6974	-6974	-6974	-6973	-6973	-6973	-6972	-6972	-6977	-6986	-6996	-7000	-7000	-7000	-7000	-7000	-7000	-7000	-7000	-7000	-7000	-7000	-7000	-7000	-7000	-7000	-7000	-7000	-6997	-6989	-6981	-6974	-6964	-6955	-6946	-6937	-6928	-6921	-6917	-6912	-6905	-6899	-6891	-6883	-6875	0
-7180	-7169	-7162	-7158	-7149	-7143	-7135	-7128	-7121	-7114	-7107	-7100	-7091	-7082	-7072	-7064	-7056	-7046	-7036	-7027	-7017	-7008	-6998	-6989	-6979	-6969	-6959	-6959	-6959	-6958	-6958	-6958	-6957	-6957	-6957	-6956	-6956	-6956	-6955	-6955	-6954	-6956	-6965	-6975	-6986	-6998	-7000	-7000	-7000	-7000	-7000	-7000	-7000	-7000	-7000	-7000	-7000	-7000	-7000	-7000	-7000	-6992	-6985	-6976	-6967	-6960	-6954	-6946	-6937	-6927	-6918	-6910	-6903	-6899	-6894	-6887	-6881	-6873	-6865	0
-7173	-7161	-7151	-7146	-7139	-7131	-7124	-7116	-7108	-7101	-7094	-7087	-7080	-7071	-7062	-7052	-7043	-7035	-7025	-7015	-7006	-6996	-6987	-6978	-6970	-6959	-6949	-6941	-6941	-6941	-6940	-6940	-6940	-6939	-6939	-6938	-6938	-6938	-6937	-6937	-6937	-6945	-6954	-6965	-6977	-6989	-7000	-7000	-7000	-7000	-7000	-7000	-7000	-7000	-7000	-7000	-7000	-7000	-7000	-6996	-6985	-6977	-6970	-6963	-6954	-6945	-6940	-6934	-6927	-6918	-6909	-6900	-6891	-6885	-6882	-6877	-6870	-6863	-6855	0
-7165	-7154	-7143	-7133	-7129	-7121	-7112	-7106	-7097	-7088	-7081	-7074	-7068	-7060	-7051	-7042	-7033	-7023	-7014	-7004	-6996	-6986	-6976	-6967	-6958	-6950	-6940	-6930	-6923	-6923	-6922	-6922	-6922	-6921	-6921	-6921	-6920	-6920	-6920	-6919	-6924	-6934	-6944	-6956	-6968	-6982	-6995	-7000	-7000	-7000	-7000	-7000	-7000	-7000	-7000	-7000	-7000	-7000	-6993	-6981	-6970	-6961	-6954	-6948	-6941	-6932	-6925	-6919	-6913	-6907	-6900	-6890	-6881	-6873	-6868	-6864	-6859	-6853	-6845	0
-7158	-7147	-7135	-7125	-7115	-7111	-7102	-7093	-7087	-7078	-7069	-7062	-7055	-7048	-7040	-7031	-7022	-7013	-7003	-6995	-6986	-6976	-6965	-6955	-6946	-6937	-6929	-6920	-6910	-6905	-6905	-6904	-6904	-6904	-6903	-6903	-6903	-6902	-6902	-6903	-6913	-6923	-6935	-6948	-6961	-6974	-6986	-6999	-7000	-7000	-7000	-7000	-7000	-7000	-7000	-7000	-7000	-6990	-6978	-6967	-6956	-6945	-6938	-6931	-6926	-6919	-6911	-6904	-6898	-6892	-6886	-6880	-6872	-6863	-6854	-6850	-6847	-6842	-6835	0
0	0	0	0	0	0	0	0	0	0	0	0	0	-7035	-7028	-7019	-7011	-7002	-6993	-6984	-6974	-6965	-6955	-6945	-6934	-6926	-6917	-6909	-6901	-6891	-6887	-6887	-6886	-6886	-6886	-6885	-6885	-6885	-6884	-6892	-6902	-6914	-6927	-6940	-6950	-6963	-6975	-6989	-7000	-7000	-7000	-7000	-7000	-7000	-7000	-7000	-6992	-6978	-6964	-6953	-6941	-6930	-6920	-6916	-6909	-6904	-6898	-6889	-6884	-6878	-6871	-6865	-6859	-6853	-6844	-6836	-6833	-6830	-6824	0
0	0	0	0	0	0	0	0	0	0	0	0	0	-7022	-7015	-7008	-7000	-6993	-6983	-6973	-6962	-6953	-6944	-6934	-6924	-6913	-6905	-6897	-6888	-6881	-6871	-6869	-6869	-6868	-6868	-6867	-6867	-6867	-6871	-6881	-6894	-6907	-6917	-6928	-6941	-6951	-6965	-6980	-6994	-7000	-7000	-7000	-7000	-7000	-7000	-6996	-6981	-6967	-6953	-6939	-6927	-6916	-6905	-6898	-6893	-6887	-6883	-6876	-6868	-6863	-6857	-6851	-6845	-6839	-6833	-6826	-6819	-6815	-6812	0
0	0	0	0	0	0	0	0	0	0	0	0	0	-7012	-7003	-6997	-6988	-6981	-6973	-6963	-6952	-6942	-6932	-6923	-6913	-6903	-6893	-6884	-6876	-6868	-6862	-6852	-6851	-6850	-6850	-6850	-6849	-6850	-6861	-6873	-6885	-6893	-6905	-6916	-6927	-6941	-6956	-6971	-6985	-6998	-7000	-7000	-7000	-7000	-7000	-6985	-6970	-6957	-6942	-6928	-6914	-6901	-6890	-6880	-6876	-6870	-6865	-6861	-6854	-6848	-6842	-6836	-6830	-6824	-6818	-6812	-6806	-6801	-6800	0
0	0	0	0	0	0	0	0	0	0	0	0	0	-7002	-6995	-6986	-6977	-6969	-6961	-6954	-6943	-6932	-6921	-6911	-6901	-6892	-6882	-6872	-6863	-6856	-6848	-6841	-6833	-6833	-6832	-6832	-6832	-6840	-6852	-6861	-6869	-6882	-6890	-6903	-6917	-6932	-6946	-6959	-6973	-6988	-7000	-7000	-7000	-7000	-6989	-6975	-6956	-6940	-6930	-6917	-6903	-6889	-6876	-6865	-6857	-6853	-6847	-6843	-6839	-6833	-6827	-6822	-6815	-6809	-6803	-6800	-6797	-6792	-6787	0
0	0	0	0	0	0	0	0	0	0	0	0	0	-6992	-6984	-6976	-6966	-6958	-6949	-6941	-6934	-6923	-6913	-6902	-6891	-6881	-6871	-6861	-6851	-6842	-6835	-6827	-6821	-6815	-6815	-6814	-6819	-6829	-6837	-6847	-6856	-6865	-6879	-6894	-6907	-6920	-6934	-6949	-6963	-6978	-6990	-6998	-6999	-6987	-6970	-6954	-6943	-6928	-6909	-6899	-6889	-6878	-6863	-6850	-6839	-6835	-6831	-6826	-6822	-6817	-6812	-6807	-6801	-6799	-6794	-6789	-6784	-6779	-6774	0
0	0	0	0	0	0	0	0	0	0	0	0	0	-6982	-6973	-6965	-6957	-6947	-6938	-6929	-6921	-6914	-6904	-6893	-6882	-6872	-6860	-6850	-6840	-6830	-6820	-6814	-6807	-6801	-6800	-6800	-6805	-6812	-6822	-6830	-6840	-6855	-6868	-6881	-6895	-6910	-6924	-6938	-6952	-6963	-6971	-6975	-6968	-6966	-6952	-6935	-6919	-6909	-6898	-6880	-6869	-6859	-6849	-6839	-6825	-6817	-6813	-6808	-6804	-6800	-6796	-6792	-6788	-6785	-6780	-6775	-6771	-6766	-6761	0
0	0	0	0	0	0	0	0	0	0	0	0	0	0	0	0	0	0	0	0	0	0	0	0	0	-6862	-6852	-6841	-6830	-6819	-6809	-6800	-6800	-6800	-6800	-6800	-6800	-6800	-6805	-6816	-6829	-6842	-6856	-6871	-6885	-6899	-6913	-6926	-6936	-6944	-6954	-6951	-6945	-6937	-6930	-6916	-6899	-6885	-6875	-6865	-6852	-6838	-6828	-6818	-6808	-6800	-6799	0	0	0	0	0	0	0	0	0	0	0	0	0
0	0	0	0	0	0	0	0	0	0	0	0	0	0	0	0	0	0	0	0	0	0	0	0	0	-6853	-6843	-6832	-6822	-6811	-6800	-6800	-6800	-6800	-6800	-6800	-6800	-6800	-6800	-6803	-6817	-6831	-6845	-6859	-6873	-6887	-6899	-6908	-6918	-6928	-6929	-6926	-6923	-6911	-6906	-6893	-6880	-6864	-6851	-6842	-6832	-6820	-6807	-6800	-6798	-6792	-6785	0	0	0	0	0	0	0	0	0	0	0	0	0
0	0	0	0	0	0	0	0	0	0	0	0	0	0	0	0	0	0	0	0	0	0	0	0	0	-6844	-6834	-6823	-6812	-6802	-6800	-6800	-6800	-6800	-6800	-6800	-6800	-6800	-6800	-6800	-6806	-6820	-6834	-6847	-6861	-6871	-6881	-6891	-6902	-6908	-6905	-6902	-6899	-6889	-6877	-6870	-6856	-6843	-6828	-6818	-6808	-6799	-6793	-6787	-6782	-6778	-6771	0	0	0	0	0	0	0	0	0	0	0	0	0
0	0	0	0	0	0	0	0	0	0	0	0	0	0	0	0	0	0	0	0	0	0	0	0	0	-6834	-6825	-6814	-6803	-6800	-6800	-6800	-6800	-6800	-6800	-6800	-6800	-6800	-6800	-6800	-6800	-6808	-6821	-6834	-6844	-6854	-6864	-6875	-6884	-6884	-6881	-6877	-6874	-6867	-6855	-6845	-6833	-6820	-6806	-6799	-6792	-6785	-6778	-6772	-6766	-6762	-6757	0	0	0	0	0	0	0	0	0	0	0	0	0
0	0	0	0	0	0	0	0	0	0	0	0	0	0	0	0	0	0	0	0	0	0	0	0	0	-6825	-6815	-6805	-6800	-6800	-6800	-6800	-6800	-6800	-6800	-6800	-6800	-6800	-6800	-6800	-6800	-6800	-6807	-6817	-6827	-6837	-6848	-6858	-6862	-6859	-6856	-6853	-6850	-6845	-6833	-6822	-6810	-6798	-6790	-6783	-6776	-6769	-6763	-6757	-6751	-6745	-6743	0	0	0	0	0	0	0	0	0	0	0	0	0
0	0	0	0	0	0	0	0	0	0	0	0	0	0	0	0	0	0	0	0	0	0	0	0	0	-6818	-6807	-6800	-6800	-6800	-6800	-6800	-6800	-6800	-6800	-6800	-6800	-6800	-6800	-6800	-6800	-6800	-6800	-6800	-6810	-6821	-6832	-6839	-6838	-6835	-6832	-6829	-6825	-6822	-6811	-6800	-6791	-6782	-6774	-6767	-6760	0	0	0	0	0	0	0	0	0	0	0	0	0	0	0	0	0	0	0
0	0	0	0	0	0	0	0	0	0	0	0	0	0	0	0	0	0	0	0	0	0	0	0	0	-6810	-6800	-6800	-6800	-6800	-6800	-6800	-6800	-6800	-6800	-6800	-6800	-6800	-6800	-6800	-6800	-6800	-6800	-6800	-6800	-6806	-6814	-6817	-6814	-6810	-6807	-6804	-6801	-6800	-6792	-6784	-6775	-6767	-6757	-6751	-6744	0	0	0	0	0	0	0	0	0	0	0	0	0	0	0	0	0	0	0
0	0	0	0	0	0	0	0	0	0	0	0	0	0	0	0	0	0	0	0	0	0	0	0	0	0	0	0	0	-6800	-6800	-6800	-6800	-6800	-6800	-6800	-6800	-6800	-6800	-6800	-6800	-6800	-6800	-6800	-6796	-6792	-6797	-6800	-6800	-6800	-6800	-6800	-6795	-6787	-6776	-6768	-6759	-6751	-6742	-6733	-6728	0	0	0	0	0	0	0	0	0	0	0	0	0	0	0	0	0	0	0
0	0	0	0	0	0	0	0	0	0	0	0	0	0	0	0	0	0	0	0	0	0	0	0	0	0	0	0	0	-6800	-6800	-6800	-6800	-6800	-6800	-6800	-6800	-6800	-6800	-6800	-6800	-6797	-6793	-6789	-6785	-6781	-6781	-6788	-6793	-6797	-6793	-6785	-6777	-6769	-6761	-6750	-6743	-6735	-6726	-6717	-6710	0	0	0	0	0	0	0	0	0	0	0	0	0	0	0	0	0	0	0
0	0	0	0	0	0	0	0	0	0	0	0	0	0	0	0	0	0	0	0	0	0	0	0	0	0	0	0	0	-6800	-6800	-6800	-6800	-6800	-6800	-6800	-6800	-6800	-6798	-6794	-6790	-6786	-6782	-6778	-6774	-6770	-6766	-6772	-6775	-6782	-6774	-6769	-6759	-6752	-6744	-6736	-6725	-6718	-6710	-6702	-6693	0	0	0	0	0	0	0	0	0	0	0	0	0	0	0	0	0	0	0
0	0	0	0	0	0	0	0	0	0	0	0	0	0	0	0	0	0	0	0	0	0	0	0	0	0	0	0	0	-6800	-6800	-6800	-6800	-6800	-6800	-6799	-6795	-6791	-6787	-6783	-6779	-6775	-6771	-6767	-6763	-6759	-6755	-6756	-6763	-6764	-6759	-6752	-6745	-6734	-6726	-6718	-6710	-6700	-6694	-6686	-6677	0	0	0	0	0	0	0	0	0	0	0	0	0	0	0	0	0	0	0
0	0	0	0	0	0	0	0	0	0	0	0	0	0	0	0	0	0	0	0	0	0	0	0	0	0	0	0	0	-6800	-6800	-6800	-6800	-6796	-6792	-6788	-6784	-6780	-6776	-6772	-6768	-6764	-6760	-6756	-6752	-6748	-6744	-6740	-6747	-6746	-6746	-6736	-6730	-6720	-6709	-6701	-6693	-6685	-6676	-6669	-6661	0	0	0	0	0	0	0	0	0	0	0	0	0	0	0	0	0	0	0
0	0	0	0	0	0	0	0	0	0	0	0	0	0	0	0	0	0	0	0	0	0	0	0	0	0	0	0	0	-6800	-6797	-6793	-6789	-6785	-6781	-6777	-6773	-6769	-6765	-6761	-6757	-6753	-6749	-6745	-6741	-6737	-6732	-6728	-6731	-6730	-6734	-6723	-6713	-6707	-6696	-6685	-6675	-6667	-6659	-6651	-6644	0	0	0	0	0	0	0	0	0	0	0	0	0	0	0	0	0	0	0
0	0	0	0	0	0	0	0	0	0	0	0	0	0	0	0	0	0	0	0	0	0	0	0	0	0	0	0	0	-6790	-6786	-6782	-6778	-6774	-6770	-6766	-6762	-6758	-6754	-6750	-6746	-6742	-6738	-6734	-6730	-6725	-6721	-6717	-6715	-6721	-6717	-6710	-6700	-6690	-6683	-6672	-6660	-6650	-6642	-6633	-6626	0	0	0	0	0	0	0	0	0	0	0	0	0	0	0	0	0	0	0
0	0	0	0	0	0	0	0	0	0	0	0	0	0	0	0	0	0	0	0	0	0	0	0	0	0	0	0	0	-6779	-6775	-6771	-6767	-6763	-6759	-6755	-6751	-6747	-6743	-6739	-6735	-6731	-6727	-6723	-6718	-6714	-6710	-6706	-6702	-6707	-6699	-6698	-6687	-6677	-6667	-6659	-6647	-6636	-6624	-6616	-6608	0	0	0	0	0	0	0	0	0	0	0	0	0	0	0	0	0	0	0
0	0	0	0	0	0	0	0	0	0	0	0	0	0	0	0	0	0	0	0	0	0	0	0	0	0	0	0	0	-6768	-6764	-6760	-6756	-6752	-6748	-6744	-6740	-6736	-6732	-6728	-6724	-6720	-6716	-6711	-6707	-6703	-6699	-6695	-6691	-6691	-6688	-6686	-6673	-6663	-6653	-6644	-6634	-6623	-6611	-6600	-6600	0	0	0	0	0	0	0	0	0	0	0	0	0	0	0	0	0	0	0
0	0	0	0	0	0	0	0	0	0	0	0	0	0	0	0	0	0	0	0	0	0	0	0	0	0	0	0	0	-6757	-6753	-6749	-6745	-6741	-6737	-6733	-6729	-6725	-6721	-6717	-6713	-6709	-6704	-6700	-6696	-6692	-6688	-6684	-6680	-6676	-6678	-6670	-6661	-6650	-6640	-6630	-6621	-6610	-6600	-6599	-6597	0	0	0	0	0	0	0	0	0	0	0	0	0	0	0	0	0	0	0
0	0	0	0	0	0	0	0	0	0	0	0	0	0	0	0	0	0	0	0	0	0	0	0	0	0	0	0	0	-6750	-6744	-6738	-6734	-6730	-6726	-6722	-6718	-6714	-6710	-6706	-6701	-6697	-6693	-6689	-6685	-6681	-6677	-6673	-6669	-6665	-6666	-6655	-6649	-6637	-6627	-6617	-6607	-6599	-6597	-6595	-6593	0	0	0	0	0	0	0	0	0	0	0	0	0	0	0	0	0	0	0
0	0	0	0	0	0	0	0	0	0	0	0	0	0	0	0	0	0	0	0	0	0	0	0	0	0	0	0	0	-6748	-6742	-6735	-6729	-6723	-6717	-6711	-6707	-6703	-6699	-6694	-6690	-6686	-6682	-6678	-6674	-6670	-6666	-6662	-6658	-6654	-6650	-6646	-6637	-6625	-6614	-6604	-6598	-6596	-6593	-6591	-6589	0	0	0	0	0	0	0	0	0	0	0	0	0	0	0	0	0	0	0
0	0	0	0	0	0	0	0	0	0	0	0	0	0	0	0	0	0	0	0	0	0	0	0	0	0	0	0	0	-6745	-6739	-6733	-6727	-6721	-6714	-6708	-6701	-6696	-6690	-6684	-6679	-6675	-6671	-6667	-6663	-6659	-6655	-6651	-6647	-6643	-6639	-6636	-6623	-6613	-6601	-6598	-6595	-6592	-6590	-6587	-6585	0	0	0	0	0	0	0	0	0	0	0	0	0	0	0	0	0	0	0
0	0	0	0	0	0	0	0	0	0	0	0	0	0	0	0	0	0	0	0	0	0	0	0	0	0	0	0	0	-6744	-6737	-6731	-6724	-6718	-6711	-6705	-6699	-6693	-6687	-6680	-6674	-6669	-6663	-6657	-6652	-6648	-6644	-6640	-6636	-6632	-6628	-6625	-6613	-6601	-6598	-6596	-6593	-6590	-6587	-6584	-6582	0	0	0	0	0	0	0	0	0	0	0	0	0	0	0	0	0	0	0
0	0	0	0	0	0	0	0	0	0	0	0	0	0	0	0	0	0	0	0	0	0	0	0	0	0	0	0	0	-6743	-6736	-6729	-6723	-6716	-6709	-6703	-6696	-6690	-6684	-6678	-6672	-6666	-6659	-6653	-6647	-6642	-6636	-6630	-6625	-6621	-6617	-6613	-6603	-6599	-6596	-6593	-6590	-6587	-6584	-6581	-6579	0	0	0	0	0	0	0	0	0	0	0	0	0	0	0	0	0	0	0
0	0	0	0	0	0	0	0	0	0	0	0	0	0	0	0	0	0	0	0	0	0	0	0	0	0	0	0	0	-6741	-6734	-6727	-6721	-6715	-6708	-6702	-6695	-6688	-6682	-6675	-6669	-6662	-6656	-6650	-6644	-6638	-6632	-6626	-6621	-6615	-6609	-6603	-6599	-6596	-6593	-6590	-6587	-6584	-6582	-6579	-6576	0	0	0	0	0	0	0	0	0	0	0	0	0	0	0	0	0	0	0
0	0	0	0	0	0	0	0	0	0	0	0	0	0	0	0	0	0	0	0	0	0	0	0	0	0	0	0	0	-6739	-6732	-6726	-6719	-6712	-6706	-6699	-6693	-6686	-6680	-6674	-6667	-6661	-6654	-6647	-6641	-6635	-6629	-6623	-6617	-6611	-6605	-6600	-6597	-6594	-6591	-6588	-6585	-6582	-6579	-6576	-6573	0	0	0	0	0	0	0	0	0	0	0	0	0	0	0	0	0	0	0
0	0	0	0	0	0	0	0	0	0	0	0	0	0	0	0	0	0	0	0	0	0	0	0	0	0	0	0	0	-6737	-6730	-6723	-6717	-6710	-6704	-6697	-6691	-6684	-6678	-6671	-6665	-6658	-6652	-6645	-6639	-6633	-6626	-6620	-6614	-6608	-6602	-6598	-6595	-6592	-6588	-6585	-6582	-6579	-6576	-6573	-6571	0	0	0	0	0	0	0	0	0	0	0	0	0	0	0	0	0	0	0
0	0	0	0	0	0	0	0	0	0	0	0	0	0	0	0	0	0	0	0	0	0	0	0	0	0	0	0	0	0	0	0	0	0	0	0	0	0	0	0	0	0	0	-6643	-6636	-6630	-6624	-6617	-6611	-6605	-6599	-6596	-6593	-6590	-6587	-6584	-6580	-6577	-6574	-6571	-6568	0	0	0	0	0	0	0	0	0	0	0	0	0	0	0	0	0	0	0
0	0	0	0	0	0	0	0	0	0	0	0	0	0	0	0	0	0	0	0	0	0	0	0	0	0	0	0	0	0	0	0	0	0	0	0	0	0	0	0	0	0	0	-6641	-6635	-6628	-6622	-6615	-6608	-6602	-6598	-6595	-6591	-6588	-6585	-6582	-6579	-6576	-6573	-6569	-6566	0	0	0	0	0	0	0	0	0	0	0	0	0	0	0	0	0	0	0
0	0	0	0	0	0	0	0	0	0	0	0	0	0	0	0	0	0	0	0	0	0	0	0	0	0	0	0	0	0	0	0	0	0	0	0	0	0	0	0	0	0	0	-6640	-6633	-6626	-6620	-6613	-6607	-6600	-6597	-6594	-6590	-6587	-6584	-6581	-6578	-6574	-6571	-6568	-6565	0	0	0	0	0	0	0	0	0	0	0	0	0	0	0	0	0	0	0
0	0	0	0	0	0	0	0	0	0	0	0	0	0	0	0	0	0	0	0	0	0	0	0	0	0	0	0	0	0	0	0	0	0	0	0	0	0	0	0	0	0	0	-6638	-6631	-6624	-6618	-6611	-6604	-6599	-6596	-6593	-6590	-6586	-6583	-6580	-6577	-6573	-6570	-6567	-6564	0	0	0	0	0	0	0	0	0	0	0	0	0	0	0	0	0	0	0
0	0	0	0	0	0	0	0	0	0	0	0	0	0	0	0	0	0	0	0	0	0	0	0	0	0	0	0	0	0	0	0	0	0	0	0	0	0	0	0	0	0	0	-6637	-6630	-6624	-6617	-6610	-6603	-6598	-6595	-6592	-6589	-6586	-6582	-6579	-6576	-6573	-6569	-6566	-6563	0	0	0	0	0	0	0	0	0	0	0	0	0	0	0	0	0	0	0
