24.55	10.02	15.87	10.51	7.70	10.62	7.51	10.74	8.27	7.40	7.62	7.94	7.35	8.92	10.08	9.80	8.17	8.79	7.37	8.26	8.66	8.51	8.59	19.78	7.52	8.26	11.33	7.59	9.74	10.63	8.80	7.66	7.69	9.32	7.84	7.49	8.55	8.60	7.38	9.95	14.31	10.07	8.33	17.96	12.51	14.91	7.86	7.28	8.99	11.92	8.56	11.70	12.64	11.87	8.73	19.65	11.43	9.87	7.56	8.30	7.21	7.74	9.48	7.39	10.82	7.28	15.19	7.77	7.23	10.34	0.00	0.00	0.00	0.00	0.00	0.00	0.00	0.00	0.00	0.00
8.02	9.83	9.91	8.23	7.40	7.46	9.70	7.70	11.87	10.22	9.42	8.48	17.62	9.87	8.87	11.74	19.91	7.93	7.31	8.49	7.57	7.12	18.74	8.19	8.86	8.25	9.34	12.28	8.21	7.23	14.48	9.02	11.17	8.97	11.19	9.84	12.88	7.10	7.83	10.12	8.61	11.52	8.20	14.65	7.59	12.72	8.80	8.41	8.22	8.15	8.13	9.06	9.84	7.51	8.01	8.17	7.29	12.91	7.49	10.70	10.78	11.96	8.04	8.24	8.68	15.94	9.40	7.91	7.33	8.45	0.00	0.00	0.00	0.00	0.00	0.00	0.00	0.00	0.00	0.00
10.15	7.39	7.49	9.61	7.98	7.92	7.49	9.36	11.40	10.26	9.28	8.33	8.89	7.51	10.26	8.67	8.13	9.72	10.63	7.39	7.32	8.01	7.96	7.62	7.39	10.84	11.06	7.92	8.11	7.23	16.91	11.44	10.31	7.59	8.15	9.12	9.06	7.21	7.69	7.94	18.20	8.50	13.59	8.97	8.36	8.31	15.45	10.09	7.16	7.41	7.59	7.55	13.69	12.90	9.31	7.81	9.44	7.87	7.80	10.69	8.40	8.02	9.59	7.69	7.61	8.23	9.47	9.35	8.56	7.27	0.00	0.00	0.00	0.00	0.00	0.00	0.00	0.00	0.00	0.00
7.59	7.63	9.54	16.54	7.56	7.89	15.09	32.75	8.47	7.68	13.03	9.65	7.35	11.52	7.46	15.29	8.36	8.02	7.86	7.77	15.02	9.01	16.18	12.36	9.95	7.10	20.75	9.50	8.26	15.37	11.97	9.40	8.58	8.71	9.02	8.11	15.71	8.58	7.99	8.62	11.14	8.85	8.16	8.02	8.60	9.31	7.75	7.46	8.47	9.34	7.73	7.48	12.56	7.64	10.23	9.84	7.43	14.43	7.60	8.29	8.53	8.81	8.96	9.38	8.58	11.16	9.84	9.32	10.01	7.38	0.00	0.00	0.00	0.00	0.00	0.00	0.00	0.00	0.00	0.00
13.29	9.02	8.50	11.18	7.81	9.82	9.79	7.36	13.03	7.37	11.95	13.46	9.54	8.85	9.05	7.73	7.64	9.09	12.73	9.48	9.21	11.30	10.74	11.03	8.38	11.13	12.75	7.32	8.51	8.42	8.19	7.89	9.00	8.89	10.96	7.89	8.58	12.04	7.75	10.07	7.27	7.88	12.50	8.25	7.95	9.48	7.54	8.22	8.95	7.80	7.59	7.97	24.18	7.33	8.08	9.09	9.05	7.64	7.92	11.96	7.94	7.43	8.20	7.47	9.47	7.80	12.49	8.31	10.62	7.78	0.00	0.00	0.00	0.00	0.00	0.00	0.00	0.00	0.00	0.00
7.63	8.16	8.29	10.76	8.22	9.67	9.15	9.54	16.79	9.54	10.17	7.32	8.83	10.42	7.34	7.22	7.73	10.59	7.45	7.75	7.50	13.56	8.74	8.43	8.72	7.98	7.54	7.93	8.66	7.23	7.92	8.86	7.88	7.36	10.70	7.50	8.44	7.32	9.52	9.81	7.47	9.43	12.68	10.33	7.61	7.89	11.19	9.01	8.14	16.75	7.90	7.04	7.12	46.11	13.98	9.62	8.05	8.72	7.64	9.38	9.08	8.37	8.63	7.28	7.53	10.04	9.95	7.61	9.55	8.07	0.00	0.00	0.00	0.00	0.00	0.00	0.00	0.00	0.00	0.00
9.03	12.99	8.32	7.73	7.50	8.84	8.11	8.31	8.54	10.70	7.99	19.48	7.93	7.62	10.61	7.78	7.92	11.15	7.89	8.94	11.84	7.64	8.16	7.91	9.37	7.45	7.72	10.19	27.73	7.31	10.50	8.20	7.70	8.62	7.33	7.25	10.64	10.25	11.53	8.12	9.96	42.67	27.49	12.52	12.88	8.63	8.61	7.98	8.33	7.69	16.59	9.50	8.18	9.27	8.15	7.20	8.25	9.24	12.71	11.95	8.27	7.32	10.03	8.11	12.46	10.80	8.76	8.19	8.38	9.93	0.00	0.00	0.00	0.00	0.00	0.00	0.00	0.00	0.00	0.00
7.89	13.30	7.68	7.97	8.62	8.17	7.19	7.72	8.28	9.94	8.02	10.59	9.70	8.74	8.21	8.35	16.11	9.97	9.10	18.92	7.45	10.53	15.96	9.11	10.87	8.63	8.46	7.46	7.49	8.51	7.70	7.91	8.12	8.94	7.16	8.08	9.53	9.70	8.28	7.46	8.47	8.82	8.13	8.29	10.21	7.91	7.55	14.95	12.68	8.96	8.91	12.72	8.18	7.85	11.05	8.42	7.33	11.79	9.16	9.15	7.89	7.82	10.41	7.27	12.46	11.54	8.07	10.00	9.80	7.72	0.00	0.00	0.00	0.00	0.00	0.00	0.00	0.00	0.00	0.00
9.75	7.92	8.20	9.10	9.32	7.65	7.50	7.72	9.47	10.54	7.21	7.95	7.81	10.97	10.18	8.14	8.12	13.54	9.86	10.65	8.46	9.09	10.36	7.53	7.73	9.08	7.87	8.73	7.56	9.24	7.57	13.38	11.61	7.80	7.82	10.59	8.34	7.92	9.87	9.17	8.43	8.58	8.03	14.48	7.66	8.77	7.67	10.56	8.79	19.71	7.95	8.84	7.40	8.66	11.34	7.26	7.66	8.19	9.19	8.36	7.96	10.52	7.78	7.67	8.50	9.72	10.00	8.45	26.94	7.88	0.00	0.00	0.00	0.00	0.00	0.00	0.00	0.00	0.00	0.00
8.67	10.96	7.75	8.49	7.63	8.66	9.38	9.71	9.34	7.51	8.05	8.45	7.43	11.55	7.96	7.71	7.83	17.50	9.63	11.65	10.46	8.34	7.88	8.76	7.38	8.08	8.52	9.85	9.11	9.31	8.16	8.35	8.30	9.49	15.60	7.81	7.34	8.61	10.52	9.26	11.83	10.89	15.81	7.80	7.58	15.25	9.33	7.92	8.60	11.73	8.45	8.19	7.98	8.77	8.74	8.98	8.36	7.65	7.71	16.48	10.05	16.11	7.44	7.95	10.05	8.58	7.31	13.96	18.90	9.13	0.00	0.00	0.00	0.00	0.00	0.00	0.00	0.00	0.00	0.00
8.58	13.66	8.14	7.32	12.02	12.15	25.40	23.70	10.70	9.96	7.35	9.22	7.29	8.52	9.29	13.28	8.05	7.25	9.00	24.47	7.71	8.69	9.44	7.87	8.49	7.38	12.63	16.76	8.57	11.79	11.29	7.92	8.05	7.49	9.09	15.04	7.54	21.75	8.88	14.38	16.04	7.35	7.79	8.04	9.53	8.37	9.11	9.30	7.85	8.62	9.11	13.38	13.84	7.21	8.51	10.54	8.77	13.80	9.17	7.75	9.70	9.68	8.08	7.31	7.49	8.90	8.72	7.73	8.55	7.94	0.00	0.00	0.00	0.00	0.00	0.00	0.00	0.00	0.00	0.00
38.47	9.27	8.85	7.36	7.34	9.53	10.46	7.75	8.28	7.92	11.18	9.22	8.15	7.26	11.73	7.33	10.37	7.28	8.31	12.34	8.16	8.60	7.69	7.73	7.72	12.51	7.97	10.13	7.79	9.30	8.93	7.77	7.62	7.93	8.42	7.68	10.06	7.41	8.26	7.35	9.44	12.09	7.27	8.12	7.83	7.79	8.16	12.10	7.94	9.66	9.17	8.07	8.75	7.81	10.94	12.36	8.36	9.37	9.28	10.11	11.96	8.82	11.57	9.90	9.92	9.23	11.23	9.21	13.78	7.48	0.00	0.00	0.00	0.00	0.00	0.00	0.00	0.00	0.00	0.00
7.88	15.36	8.96	11.60	8.11	8.98	9.25	9.83	10.37	7.94	11.06	12.48	7.88	7.55	7.23	8.01	7.44	7.66	7.92	9.45	8.70	8.90	8.91	11.34	9.52	9.01	8.24	11.25	9.29	8.53	9.11	8.86	7.53	8.83	8.41	21.02	9.84	9.66	7.96	8.16	8.87	7.71	8.80	7.85	7.50	13.54	9.07	9.11	8.49	25.22	9.27	7.92	11.31	9.80	7.27	10.50	7.87	7.24	7.65	19.46	9.37	11.82	9.32	9.24	8.45	7.79	8.31	12.21	7.89	7.95	0.00	0.00	0.00	0.00	0.00	0.00	0.00	0.00	0.00	0.00
8.57	11.77	8.33	7.77	7.37	10.18	7.96	7.94	11.70	7.35	8.89	11.90	9.56	9.05	7.25	7.63	10.09	7.22	9.67	18.60	18.62	9.09	14.63	8.70	7.26	7.81	8.31	8.16	10.50	11.70	12.08	7.37	8.69	7.90	11.66	7.83	7.38	9.03	7.52	9.55	22.66	9.91	9.72	10.93	8.29	10.95	9.90	9.88	8.87	13.69	11.91	11.16	15.46	8.71	8.71	9.68	13.22	9.27	7.50	8.09	8.42	10.41	9.44	7.88	15.24	9.86	9.94	7.70	9.34	7.84	0.00	0.00	0.00	0.00	0.00	0.00	0.00	0.00	0.00	0.00
31.12	9.04	8.42	20.18	8.17	9.96	8.86	18.90	8.97	11.95	8.13	8.15	7.37	10.65	7.26	8.03	7.44	8.15	8.12	7.67	9.61	7.84	9.81	13.37	10.89	12.56	10.24	7.92	7.52	19.92	9.08	7.32	11.67	9.51	9.29	8.82	8.86	9.28	8.25	8.49	8.63	9.17	8.15	8.37	7.71	7.97	7.79	10.14	9.43	7.44	8.17	8.66	8.23	7.31	8.77	10.58	8.36	7.30	7.24	10.11	7.53	7.14	8.06	7.41	7.63	7.57	8.96	8.56	8.90	10.29	0.00	0.00	0.00	0.00	0.00	0.00	0.00	0.00	0.00	0.00
7.52	10.96	8.71	7.18	7.44	7.33	11.32	9.84	8.92	8.96	8.90	8.45	8.34	9.62	10.85	7.85	8.45	8.18	9.51	7.83	8.11	7.58	7.77	7.56	9.24	9.38	11.65	8.74	8.10	8.69	7.53	9.00	12.65	8.15	9.65	13.92	9.80	8.64	8.93	19.54	8.05	8.54	8.16	17.50	10.86	7.79	8.20	10.45	15.46	8.98	9.35	7.87	8.09	8.01	9.38	8.56	7.76	10.64	10.95	9.27	9.26	7.27	7.77	8.25	19.32	7.25	9.96	7.49	10.54	9.06	0.00	0.00	0.00	0.00	0.00	0.00	0.00	0.00	0.00	0.00
9.87	9.00	9.61	9.58	7.93	8.68	8.28	8.44	7.47	11.50	15.21	10.43	7.37	7.89	9.47	9.66	7.27	9.12	11.89	19.41	8.32	11.33	9.33	9.10	7.54	7.46	8.42	7.67	7.45	8.30	10.83	7.45	9.89	7.69	7.20	12.66	7.51	9.18	8.37	8.14	7.91	7.80	7.42	8.64	23.55	13.76	7.80	7.44	13.40	11.78	7.89	10.89	7.44	8.42	7.68	8.59	7.77	13.60	7.60	8.16	8.21	7.72	20.16	8.39	8.68	8.95	8.01	7.65	7.49	9.85	0.00	0.00	0.00	0.00	0.00	0.00	0.00	0.00	0.00	0.00
7.56	8.09	12.94	8.65	7.79	8.08	17.93	10.06	7.51	14.47	13.35	8.86	17.07	22.56	7.82	7.58	9.82	9.19	7.17	9.60	8.25	8.32	7.82	7.58	8.20	10.07	8.20	12.06	8.79	11.66	9.65	8.11	8.21	11.19	8.39	7.77	7.61	8.28	9.05	7.16	7.79	9.50	16.23	17.66	7.30	8.70	13.30	7.84	7.50	7.36	7.26	8.02	8.25	8.79	7.40	11.57	8.53	8.37	8.73	8.64	9.06	7.69	8.48	7.19	9.57	9.01	15.77	7.39	10.08	8.04	0.00	0.00	0.00	0.00	0.00	0.00	0.00	0.00	0.00	0.00
11.62	9.36	10.07	7.77	7.50	7.22	7.49	8.64	7.38	7.53	8.05	12.14	8.47	8.77	14.38	7.73	10.30	7.83	17.02	8.58	13.09	13.78	19.42	10.06	10.81	7.27	11.19	10.58	8.94	7.99	8.51	10.58	8.14	10.00	8.68	10.45	12.44	7.30	8.73	10.42	8.79	12.08	9.02	7.15	10.81	8.98	7.46	8.16	16.55	9.20	7.93	14.31	7.81	7.31	7.12	11.89	11.17	7.66	8.79	10.06	10.95	7.33	8.59	13.09	14.03	9.06	9.45	7.65	8.95	20.69	0.00	0.00	0.00	0.00	0.00	0.00	0.00	0.00	0.00	0.00
9.29	8.71	8.24	9.47	7.21	7.44	8.13	11.99	7.48	10.14	8.95	7.83	12.62	10.92	8.89	8.82	7.83	7.73	7.88	9.61	8.24	7.65	7.27	13.08	25.66	7.57	10.40	11.32	10.26	7.37	8.09	11.15	9.38	9.92	7.70	7.54	7.29	7.92	10.22	7.41	7.70	10.26	7.95	9.37	9.52	9.34	15.28	7.33	7.62	8.54	13.81	7.88	8.32	9.13	9.84	8.03	8.08	12.62	8.81	23.92	8.01	7.84	8.25	9.55	11.97	16.71	8.90	9.38	9.29	8.84	0.00	0.00	0.00	0.00	0.00	0.00	0.00	0.00	0.00	0.00
10.16	8.14	10.00	7.75	9.90	8.20	8.74	8.37	8.41	8.63	7.54	9.64	9.70	8.09	7.34	11.87	9.27	10.65	13.15	8.27	7.75	7.91	7.85	11.59	8.16	8.92	9.69	12.82	7.56	8.48	7.96	14.73	11.21	10.27	8.61	7.30	9.58	9.08	7.88	13.14	7.26	13.66	9.46	9.19	7.71	7.88	7.93	7.41	28.57	9.20	8.16	7.91	8.32	14.61	11.85	7.27	10.94	7.99	7.87	11.00	8.02	7.65	8.77	7.29	7.69	12.66	7.50	8.30	7.59	7.66	0.00	0.00	0.00	0.00	0.00	0.00	0.00	0.00	0.00	0.00
8.25	16.69	8.29	10.90	19.18	10.76	7.23	7.54	7.33	11.11	9.46	9.20	11.09	7.54	7.60	7.26	8.94	8.13	14.78	8.23	9.10	13.83	10.57	7.20	13.57	9.49	50.22	8.48	9.22	9.11	8.61	7.60	11.37	11.52	7.90	10.19	11.38	9.14	8.46	9.47	7.46	7.41	10.80	18.42	11.31	11.90	8.65	9.36	9.01	7.74	11.58	7.88	7.80	7.34	8.06	7.17	9.07	7.73	8.31	8.29	8.27	11.95	8.20	18.92	7.66	17.63	8.36	9.95	8.11	7.44	0.00	0.00	0.00	0.00	0.00	0.00	0.00	0.00	0.00	0.00
9.11	9.06	7.28	8.76	22.23	8.31	9.90	9.11	22.58	11.99	10.45	13.63	7.52	10.27	7.41	16.97	12.25	7.42	7.38	8.12	8.50	13.74	7.73	10.26	7.70	8.77	8.70	7.93	8.43	8.91	7.74	10.88	7.20	11.44	10.93	7.29	7.27	10.02	9.10	8.17	9.55	8.68	7.58	9.14	7.68	24.34	11.30	9.36	8.06	7.27	10.01	9.35	7.52	9.56	24.80	7.33	7.94	7.47	8.21	7.23	9.04	7.90	7.58	8.41	7.66	9.06	7.39	11.61	7.35	8.82	0.00	0.00	0.00	0.00	0.00	0.00	0.00	0.00	0.00	0.00
14.19	32.29	7.16	7.32	8.01	9.14	8.78	14.85	10.45	10.75	11.06	7.43	12.80	11.65	11.28	7.68	8.87	8.67	8.97	7.95	10.64	7.59	8.68	8.66	9.03	7.24	9.32	9.79	13.63	7.54	7.99	9.28	8.57	8.71	7.93	7.19	8.45	22.19	8.13	7.62	11.91	7.43	9.07	16.77	7.25	7.14	10.45	11.16	7.22	7.56	7.91	13.08	8.13	13.32	7.87	7.61	7.73	7.38	13.36	9.12	19.64	7.46	9.70	7.38	11.83	11.09	8.24	9.37	7.79	8.10	0.00	0.00	0.00	0.00	0.00	0.00	0.00	0.00	0.00	0.00
7.17	8.23	7.30	7.15	8.57	7.67	8.79	7.50	7.21	7.73	7.36	8.65	14.05	17.20	7.90	10.15	11.66	9.02	59.79	7.64	11.30	9.03	10.17	9.30	8.34	10.74	8.52	12.22	9.24	7.91	7.37	12.77	7.63	8.05	13.08	8.55	7.51	7.32	9.18	17.56	12.49	8.85	8.02	17.94	7.54	9.01	8.17	9.38	8.11	17.75	18.17	9.38	8.67	9.41	7.44	9.58	8.97	9.17	7.52	9.14	7.69	8.09	13.96	7.65	8.44	7.91	7.48	10.58	7.63	7.43	0.00	0.00	0.00	0.00	0.00	0.00	0.00	0.00	0.00	0.00
7.32	9.90	8.30	8.24	8.03	7.19	10.65	8.29	7.52	8.45	9.73	8.74	7.21	7.97	7.51	11.71	8.47	8.09	8.33	8.55	11.89	13.30	12.80	7.95	9.32	12.82	10.05	10.89	7.96	7.84	7.98	9.05	8.03	8.48	8.58	13.59	8.80	10.26	7.28	9.25	23.66	9.83	15.59	7.89	9.94	11.24	11.01	7.77	14.71	8.45	10.95	10.57	7.67	9.97	8.43	7.76	8.49	8.18	8.34	7.75	13.30	7.83	8.98	9.14	8.06	8.31	8.55	10.51	8.16	8.03	0.00	0.00	0.00	0.00	0.00	0.00	0.00	0.00	0.00	0.00
9.50	15.03	7.89	12.19	8.78	8.81	11.68	11.50	8.48	9.15	7.69	7.16	8.38	7.32	7.93	13.19	7.86	10.20	9.68	7.93	10.15	13.25	7.65	7.32	8.00	12.30	7.98	11.24	8.31	11.28	7.82	10.73	16.35	12.69	11.04	12.57	8.08	8.89	9.61	8.01	7.56	7.77	8.93	7.50	9.49	7.74	7.51	8.62	8.09	7.64	11.07	12.79	9.34	8.03	8.83	8.51	7.67	10.63	11.79	11.52	8.33	9.14	7.78	7.39	8.79	7.29	8.92	24.41	8.95	7.32	0.00	0.00	0.00	0.00	0.00	0.00	0.00	0.00	0.00	0.00
7.86	32.26	7.80	8.98	7.66	7.64	10.68	7.24	7.30	45.80	8.13	12.74	7.86	15.31	7.71	7.98	8.59	9.07	9.30	13.97	10.10	7.46	8.39	11.03	7.40	7.93	11.52	14.43	7.96	8.45	9.94	12.15	7.76	7.50	23.20	7.37	7.32	8.59	9.62	7.82	13.45	12.95	7.54	10.89	11.49	8.80	13.56	7.81	8.05	14.16	7.66	8.45	8.43	8.37	10.26	9.39	7.75	8.56	9.51	9.44	11.05	8.31	8.74	8.03	11.64	8.77	8.02	10.52	10.85	10.26	0.00	0.00	0.00	0.00	0.00	0.00	0.00	0.00	0.00	0.00
8.23	9.23	8.72	8.74	7.24	12.33	8.03	10.08	8.04	12.62	10.63	34.36	8.93	9.15	10.87	8.69	8.35	8.33	12.86	9.09	18.06	15.32	8.03	7.99	8.26	8.11	17.27	9.22	13.95	10.16	14.06	8.09	7.31	7.94	8.76	8.71	10.06	7.82	8.65	8.38	8.79	8.03	8.48	7.73	9.69	8.96	12.26	10.92	7.44	11.13	7.86	11.26	8.27	7.52	8.86	7.41	9.83	8.34	7.56	9.97	8.75	7.37	11.57	8.49	8.41	11.17	15.44	7.37	7.57	18.52	0.00	0.00	0.00	0.00	0.00	0.00	0.00	0.00	0.00	0.00
7.37	7.75	7.85	10.28	8.59	16.35	8.57	10.50	11.91	23.79	9.22	8.31	7.70	7.53	9.66	8.40	10.98	8.58	11.91	11.58	7.52	10.20	8.47	8.19	9.56	7.60	8.80	12.50	7.99	10.00	11.64	8.04	8.97	11.68	14.35	10.68	9.99	8.45	8.16	12.79	8.03	10.08	9.58	8.41	12.81	7.91	8.68	7.36	7.51	7.70	10.15	8.46	11.10	8.46	7.77	7.70	9.78	7.29	10.64	8.01	7.97	9.95	16.81	8.08	9.25	7.57	13.48	9.22	9.21	10.46	0.00	0.00	0.00	0.00	0.00	0.00	0.00	0.00	0.00	0.00
7.67	10.68	7.88	7.41	7.48	8.14	9.35	9.04	8.40	9.50	8.40	9.20	9.18	7.94	9.23	7.90	8.56	9.61	7.64	8.43	8.16	9.07	9.39	8.95	7.99	9.12	8.54	8.63	7.33	8.36	11.70	7.44	8.46	10.84	7.56	11.37	7.89	10.26	8.07	18.14	8.08	8.16	20.47	7.93	7.22	10.34	9.47	10.89	7.92	11.83	12.47	20.46	23.55	7.95	7.36	7.78	8.21	7.76	7.11	7.83	8.27	8.15	7.40	9.02	7.16	8.32	13.78	10.21	11.89	8.19	0.00	0.00	0.00	0.00	0.00	0.00	0.00	0.00	0.00	0.00
8.10	7.44	10.03	13.86	7.25	12.44	7.47	7.76	8.54	9.04	10.02	8.04	10.00	7.73	9.50	9.16	7.71	8.06	8.06	8.52	7.30	8.32	7.89	27.84	8.37	9.12	7.94	10.63	8.35	7.23	10.24	8.51	8.09	8.00	17.21	14.85	9.80	9.52	7.30	8.69	11.01	7.77	8.72	8.82	8.22	12.56	11.39	9.71	9.36	12.00	8.61	9.14	10.85	7.85	7.92	7.74	10.77	8.83	8.01	8.03	11.30	7.90	8.85	7.81	7.85	7.80	9.98	11.23	11.31	13.42	7.61	11.43	8.28	12.54	11.54	7.33	7.66	7.64	7.54	0.00
7.80	8.25	10.61	7.67	24.71	11.28	7.59	8.64	7.61	10.04	15.45	9.42	9.11	12.26	8.72	9.36	8.41	7.57	9.32	12.80	11.13	7.63	10.67	23.34	9.46	7.76	8.03	7.41	12.17	9.37	9.85	9.35	10.97	8.34	7.49	15.05	7.43	7.33	11.93	9.53	10.16	7.79	9.92	9.99	8.15	9.06	8.19	10.57	7.21	7.76	16.13	7.96	10.14	14.01	7.42	8.06	8.16	8.07	14.91	7.54	12.85	7.70	8.07	8.28	7.57	7.73	10.60	10.73	7.33	9.21	8.62	7.81	8.83	8.17	8.25	8.92	8.04	8.60	9.04	0.00
7.69	9.16	25.85	8.71	8.31	7.40	8.08	8.81	7.95	7.97	7.88	8.13	8.46	9.98	7.64	8.16	12.41	8.41	8.56	14.16	8.68	8.81	9.53	7.44	9.83	11.14	7.30	14.71	10.20	10.33	10.49	7.78	9.90	8.41	8.54	10.88	7.48	11.08	10.11	9.28	7.27	7.39	12.48	10.36	8.56	9.39	9.84	7.92	10.21	9.83	8.45	8.82	8.66	8.47	10.40	10.62	8.47	12.90	9.71	7.98	11.31	10.65	9.84	9.00	7.87	11.06	7.85	8.01	10.43	7.18	7.30	7.43	7.94	14.02	9.54	10.37	9.22	9.71	7.29	0.00
8.08	14.31	9.23	8.15	9.47	8.59	8.78	11.20	7.43	12.71	7.43	8.49	7.45	9.10	9.83	8.88	8.09	8.88	27.80	8.70	8.22	8.28	8.03	8.03	7.79	10.87	8.56	7.28	8.94	7.78	7.79	8.77	9.40	8.25	8.19	7.40	7.52	9.12	7.56	7.32	11.59	14.54	9.74	8.89	11.79	7.95	10.28	9.01	8.02	8.14	10.38	7.79	8.88	10.10	8.49	7.99	12.67	7.26	10.64	10.41	7.94	8.48	8.95	7.18	7.77	8.76	8.88	8.70	8.39	8.43	12.80	11.50	9.54	9.57	7.80	10.40	8.15	8.24	8.87	0.00
7.64	13.94	8.75	8.91	12.43	9.14	16.88	10.20	9.37	8.41	7.52	15.32	8.75	9.10	7.73	30.89	7.85	9.74	9.56	15.96	7.29	23.61	9.17	11.43	8.26	10.18	7.68	9.03	16.83	8.62	10.79	8.15	8.25	7.14	7.52	8.72	8.48	17.96	7.38	8.90	10.76	7.14	7.69	7.64	7.84	12.05	9.39	8.58	10.69	12.76	8.65	7.36	9.95	9.40	7.26	10.30	7.96	8.38	8.50	7.17	7.45	7.35	7.92	7.24	8.08	10.45	7.54	9.33	13.56	8.78	7.50	10.03	9.64	7.37	7.97	8.51	7.94	8.57	10.61	0.00
13.31	8.60	7.93	7.24	7.31	9.78	10.66	8.16	8.05	7.42	7.64	7.71	7.98	7.73	7.56	8.64	11.41	8.60	9.55	9.65	8.98	8.99	11.41	7.21	10.94	7.78	12.79	8.17	7.92	8.06	7.50	8.07	9.34	8.08	7.45	7.41	7.98	7.54	8.12	8.00	8.30	7.45	8.40	7.71	9.12	8.51	7.40	7.36	8.64	7.47	11.92	9.34	7.95	7.60	9.38	9.32	7.21	8.85	8.13	7.28	9.46	21.45	7.27	7.57	8.01	9.45	9.10	9.05	11.18	9.89	9.19	8.71	7.71	8.03	9.83	15.57	10.39	8.19	7.57	0.00
7.61	11.15	8.36	14.57	9.49	10.24	8.06	15.33	10.61	10.94	7.84	7.93	7.46	11.45	7.56	10.35	8.82	8.04	7.71	9.38	8.27	8.39	11.45	12.72	9.30	7.43	8.93	7.52	9.14	16.04	10.06	10.59	8.23	9.25	10.15	12.66	18.15	7.80	10.26	8.07	7.62	7.23	7.85	9.21	7.24	9.56	8.18	9.68	8.06	8.10	8.19	9.08	7.37	7.25	7.66	9.00	7.45	7.80	10.31	8.69	9.80	8.17	7.49	8.79	10.18	11.20	12.17	19.54	8.16	8.40	11.11	9.13	9.40	8.43	8.33	8.98	7.99	7.44	8.34	0.00
17.15	8.20	8.57	9.85	9.72	10.24	7.88	8.57	12.68	7.34	9.93	8.53	8.56	9.33	10.93	8.04	8.15	9.99	7.45	21.76	7.43	8.63	10.22	8.20	7.43	10.17	8.74	9.31	7.69	8.60	7.72	10.73	8.99	26.14	7.41	16.41	8.54	7.29	10.79	8.42	7.76	7.43	10.34	7.19	7.66	12.34	7.23	9.57	9.73	10.75	8.60	10.17	9.53	7.39	13.36	11.37	9.21	8.84	23.73	9.29	7.13	9.16	7.90	9.02	13.93	7.17	7.55	7.33	9.16	12.33	9.67	10.31	7.54	10.12	7.34	8.10	9.45	20.87	12.63	0.00
0.00	0.00	0.00	0.00	0.00	0.00	0.00	0.00	0.00	0.00	0.00	0.00	0.00	8.27	11.40	7.97	7.79	8.47	10.65	14.66	7.52	7.89	8.54	13.68	14.75	14.01	13.68	9.30	7.75	9.02	7.62	12.20	9.93	7.38	7.43	7.22	9.89	8.65	9.81	7.09	7.48	7.10	14.69	7.51	11.22	8.22	8.12	7.78	9.73	8.52	7.36	7.71	7.82	9.17	8.74	21.02	8.33	15.68	8.26	7.64	8.69	9.35	8.25	7.79	7.36	7.59	8.34	10.88	9.75	7.44	9.40	8.07	10.76	10.36	7.96	8.83	8.37	8.36	15.63	0.00
0.00	0.00	0.00	0.00	0.00	0.00	0.00	0.00	0.00	0.00	0.00	0.00	0.00	8.37	7.28	8.17	7.38	10.70	8.35	11.08	7.77	20.09	7.89	7.68	7.89	7.45	7.28	13.76	8.17	7.58	8.05	7.56	9.32	7.87	12.10	10.80	9.93	11.46	10.55	7.79	8.57	10.01	8.61	7.34	7.29	8.36	7.75	12.70	19.49	9.93	9.23	7.74	9.44	8.22	9.07	14.15	32.82	7.58	13.94	9.82	20.40	7.45	12.34	13.13	16.51	8.39	7.38	12.40	7.14	26.28	7.69	14.80	8.33	10.31	37.25	7.89	8.07	23.86	8.65	0.00
0.00	0.00	0.00	0.00	0.00	0.00	0.00	0.00	0.00	0.00	0.00	0.00	0.00	8.49	8.42	9.90	8.92	8.51	10.16	9.47	8.28	10.12	9.06	7.66	7.82	7.18	9.29	8.89	10.15	7.79	7.45	8.44	7.84	8.12	8.65	8.17	9.39	8.02	16.53	10.51	8.12	8.72	11.73	8.19	13.79	8.80	8.50	7.28	7.45	16.37	8.80	8.01	7.72	10.52	7.75	7.34	7.40	8.16	7.96	12.81	8.37	12.59	7.91	12.12	12.95	9.33	10.02	7.91	7.89	13.37	8.56	9.33	10.39	7.39	9.70	10.28	9.60	7.68	14.29	0.00
0.00	0.00	0.00	0.00	0.00	0.00	0.00	0.00	0.00	0.00	0.00	0.00	0.00	7.68	9.12	7.74	8.20	8.64	7.72	7.96	7.32	8.78	8.03	23.68	7.40	13.93	7.57	9.94	19.86	7.42	8.68	10.17	7.96	7.64	9.41	8.02	9.00	7.98	7.30	8.86	8.21	7.59	7.82	9.68	8.02	8.32	9.40	8.09	7.82	8.08	9.80	7.60	7.47	8.13	9.78	9.80	8.29	7.40	8.07	10.27	7.87	9.12	9.39	8.38	8.81	12.20	12.65	9.71	8.11	8.29	11.18	7.77	7.61	7.36	9.04	14.82	9.21	8.27	8.41	0.00
0.00	0.00	0.00	0.00	0.00	0.00	0.00	0.00	0.00	0.00	0.00	0.00	0.00	10.46	7.90	7.26	9.27	8.50	11.04	8.47	8.37	12.07	8.18	9.97	8.48	8.55	7.87	9.10	10.67	10.42	12.01	7.45	7.58	7.84	7.67	7.68	12.72	8.23	9.64	7.98	9.06	7.45	8.93	24.54	9.79	7.46	10.78	8.12	7.49	7.55	9.31	31.32	7.41	7.44	8.76	7.47	8.72	10.41	10.16	7.35	7.60	8.90	11.08	52.86	15.01	7.87	12.17	8.51	7.52	9.20	7.77	8.01	10.60	13.33	8.10	11.66	7.23	7.45	7.69	0.00
0.00	0.00	0.00	0.00	0.00	0.00	0.00	0.00	0.00	0.00	0.00	0.00	0.00	13.63	10.53	8.74	7.38	7.66	7.27	17.20	10.05	8.59	11.16	8.21	8.49	12.35	9.13	14.15	7.56	10.03	8.28	18.32	11.47	7.24	8.35	12.83	7.51	8.40	8.56	8.17	8.22	7.44	8.38	8.64	7.51	9.67	8.43	7.81	7.93	14.86	7.84	9.39	9.18	8.82	9.05	7.22	7.42	7.49	7.67	7.79	7.27	13.36	9.08	8.14	9.11	7.90	7.59	7.59	7.18	7.69	7.48	14.42	8.25	10.76	7.27	9.11	8.17	7.70	8.49	0.00
0.00	0.00	0.00	0.00	0.00	0.00	0.00	0.00	0.00	0.00	0.00	0.00	0.00	0.00	0.00	0.00	0.00	0.00	0.00	0.00	0.00	0.00	0.00	0.00	0.00	11.42	11.02	12.11	8.34	7.72	9.71	9.08	8.61	8.47	9.24	9.42	15.46	11.59	7.78	7.56	7.30	8.25	15.42	7.57	10.51	7.39	8.72	7.85	7.99	8.06	10.20	7.86	18.64	11.96	8.20	7.49	11.85	7.70	11.23	7.70	8.01	8.93	8.79	11.41	7.59	8.24	7.81	0.00	0.00	0.00	0.00	0.00	0.00	0.00	0.00	0.00	0.00	0.00	0.00	0.00
0.00	0.00	0.00	0.00	0.00	0.00	0.00	0.00	0.00	0.00	0.00	0.00	0.00	0.00	0.00	0.00	0.00	0.00	0.00	0.00	0.00	0.00	0.00	0.00	0.00	7.49	7.71	8.67	7.95	36.60	8.94	7.96	7.85	7.98	8.95	8.46	10.28	8.68	10.38	7.82	7.91	7.22	9.21	8.05	8.65	8.22	11.54	9.67	8.06	9.27	29.42	9.52	9.01	9.15	10.14	7.19	10.47	13.84	7.31	8.17	9.23	7.29	7.90	8.55	12.09	10.30	8.49	0.00	0.00	0.00	0.00	0.00	0.00	0.00	0.00	0.00	0.00	0.00	0.00	0.00
0.00	0.00	0.00	0.00	0.00	0.00	0.00	0.00	0.00	0.00	0.00	0.00	0.00	0.00	0.00	0.00	0.00	0.00	0.00	0.00	0.00	0.00	0.00	0.00	0.00	8.07	9.87	8.87	8.23	11.13	12.54	11.63	10.25	9.82	16.86	9.50	7.52	8.02	8.64	7.92	7.98	9.48	10.55	9.61	12.78	7.40	13.03	7.69	8.03	7.92	7.87	12.64	9.69	8.37	7.14	7.53	14.71	10.76	7.15	7.84	7.62	8.62	10.82	7.29	22.37	8.83	8.11	0.00	0.00	0.00	0.00	0.00	0.00	0.00	0.00	0.00	0.00	0.00	0.00	0.00
0.00	0.00	0.00	0.00	0.00	0.00	0.00	0.00	0.00	0.00	0.00	0.00	0.00	0.00	0.00	0.00	0.00	0.00	0.00	0.00	0.00	0.00	0.00	0.00	0.00	7.72	14.09	16.77	12.37	9.47	8.41	9.40	7.99	8.75	7.88	11.54	12.00	10.11	12.47	8.37	7.30	8.51	8.17	11.58	7.95	13.06	9.05	8.77	7.99	7.34	11.19	10.25	8.90	8.08	8.95	13.39	10.28	7.77	8.41	7.71	9.12	12.30	15.40	17.80	7.76	12.08	7.97	0.00	0.00	0.00	0.00	0.00	0.00	0.00	0.00	0.00	0.00	0.00	0.00	0.00
0.00	0.00	0.00	0.00	0.00	0.00	0.00	0.00	0.00	0.00	0.00	0.00	0.00	0.00	0.00	0.00	0.00	0.00	0.00	0.00	0.00	0.00	0.00	0.00	0.00	8.97	7.70	8.30	9.40	18.20	9.21	8.84	9.58	11.79	8.42	7.69	12.38	7.42	7.59	9.97	11.00	8.17	7.88	8.04	7.79	8.80	10.90	8.08	8.30	7.64	7.93	11.12	9.08	12.86	11.70	8.02	7.05	11.56	9.29	18.13	10.63	12.54	9.65	7.57	7.61	7.76	7.13	0.00	0.00	0.00	0.00	0.00	0.00	0.00	0.00	0.00	0.00	0.00	0.00	0.00
0.00	0.00	0.00	0.00	0.00	0.00	0.00	0.00	0.00	0.00	0.00	0.00	0.00	0.00	0.00	0.00	0.00	0.00	0.00	0.00	0.00	0.00	0.00	0.00	0.00	12.29	7.61	10.89	11.44	7.14	26.45	7.84	14.51	15.34	10.79	7.74	16.09	10.00	7.71	8.61	7.19	10.17	9.45	8.64	7.77	9.66	7.79	8.45	9.53	13.12	7.66	9.67	24.56	11.11	8.36	31.06	7.63	7.85	12.90	8.18	7.91	0.00	0.00	0.00	0.00	0.00	0.00	0.00	0.00	0.00	0.00	0.00	0.00	0.00	0.00	0.00	0.00	0.00	0.00	0.00
0.00	0.00	0.00	0.00	0.00	0.00	0.00	0.00	0.00	0.00	0.00	0.00	0.00	0.00	0.00	0.00	0.00	0.00	0.00	0.00	0.00	0.00	0.00	0.00	0.00	8.74	8.63	7.68	10.01	8.51	12.19	7.28	11.21	8.86	11.25	10.28	8.08	8.34	9.54	8.52	9.51	9.33	7.73	12.40	18.88	8.27	15.05	18.39	12.02	8.09	7.54	7.37	7.75	8.07	9.94	9.44	9.25	8.83	8.86	8.42	9.70	0.00	0.00	0.00	0.00	0.00	0.00	0.00	0.00	0.00	0.00	0.00	0.00	0.00	0.00	0.00	0.00	0.00	0.00	0.00
0.00	0.00	0.00	0.00	0.00	0.00	0.00	0.00	0.00	0.00	0.00	0.00	0.00	0.00	0.00	0.00	0.00	0.00	0.00	0.00	0.00	0.00	0.00	0.00	0.00	0.00	0.00	0.00	0.00	8.61	7.65	7.63	8.40	7.48	7.23	15.05	15.49	21.00	7.68	7.71	8.23	8.17	7.42	9.06	8.19	15.06	7.85	7.96	8.14	8.42	9.93	7.77	8.41	7.43	7.91	11.50	7.73	17.32	11.28	9.20	9.90	0.00	0.00	0.00	0.00	0.00	0.00	0.00	0.00	0.00	0.00	0.00	0.00	0.00	0.00	0.00	0.00	0.00	0.00	0.00
0.00	0.00	0.00	0.00	0.00	0.00	0.00	0.00	0.00	0.00	0.00	0.00	0.00	0.00	0.00	0.00	0.00	0.00	0.00	0.00	0.00	0.00	0.00	0.00	0.00	0.00	0.00	0.00	0.00	9.01	12.05	7.86	8.47	9.10	8.11	12.76	9.15	7.86	8.86	11.39	8.15	8.70	8.22	8.79	7.33	8.10	7.77	11.00	17.25	9.23	8.70	11.76	7.84	7.66	8.96	8.42	9.19	22.76	9.10	7.29	8.58	0.00	0.00	0.00	0.00	0.00	0.00	0.00	0.00	0.00	0.00	0.00	0.00	0.00	0.00	0.00	0.00	0.00	0.00	0.00
0.00	0.00	0.00	0.00	0.00	0.00	0.00	0.00	0.00	0.00	0.00	0.00	0.00	0.00	0.00	0.00	0.00	0.00	0.00	0.00	0.00	0.00	0.00	0.00	0.00	0.00	0.00	0.00	0.00	7.58	7.65	9.59	18.44	13.67	7.84	8.47	7.38	9.52	8.10	9.09	10.15	8.44	15.16	8.18	11.26	12.22	9.82	8.71	10.95	12.35	10.95	8.35	10.37	9.30	7.92	8.25	8.54	8.06	10.25	7.53	18.66	0.00	0.00	0.00	0.00	0.00	0.00	0.00	0.00	0.00	0.00	0.00	0.00	0.00	0.00	0.00	0.00	0.00	0.00	0.00
0.00	0.00	0.00	0.00	0.00	0.00	0.00	0.00	0.00	0.00	0.00	0.00	0.00	0.00	0.00	0.00	0.00	0.00	0.00	0.00	0.00	0.00	0.00	0.00	0.00	0.00	0.00	0.00	0.00	9.80	8.67	10.05	8.39	8.50	8.62	7.44	7.76	8.85	11.94	9.90	8.22	7.88	8.11	8.12	8.69	12.22	8.54	8.70	12.58	8.92	8.36	9.14	9.13	7.55	12.18	7.75	7.95	8.60	7.63	9.64	7.46	0.00	0.00	0.00	0.00	0.00	0.00	0.00	0.00	0.00	0.00	0.00	0.00	0.00	0.00	0.00	0.00	0.00	0.00	0.00
0.00	0.00	0.00	0.00	0.00	0.00	0.00	0.00	0.00	0.00	0.00	0.00	0.00	0.00	0.00	0.00	0.00	0.00	0.00	0.00	0.00	0.00	0.00	0.00	0.00	0.00	0.00	0.00	0.00	7.18	9.20	7.75	9.23	9.43	9.76	7.16	11.18	7.56	9.55	9.05	8.31	12.01	9.06	11.75	8.16	7.97	7.34	7.25	7.62	8.27	7.51	9.87	8.19	8.12	9.64	8.94	8.76	11.66	8.53	9.34	9.17	0.00	0.00	0.00	0.00	0.00	0.00	0.00	0.00	0.00	0.00	0.00	0.00	0.00	0.00	0.00	0.00	0.00	0.00	0.00
0.00	0.00	0.00	0.00	0.00	0.00	0.00	0.00	0.00	0.00	0.00	0.00	0.00	0.00	0.00	0.00	0.00	0.00	0.00	0.00	0.00	0.00	0.00	0.00	0.00	0.00	0.00	0.00	0.00	8.84	10.94	10.77	9.28	7.63	9.57	7.65	16.90	10.96	8.10	10.70	7.69	12.49	7.91	7.97	9.76	9.53	11.84	11.58	7.26	7.70	8.35	7.59	10.46	8.46	13.53	7.37	9.75	10.03	7.91	7.52	7.65	0.00	0.00	0.00	0.00	0.00	0.00	0.00	0.00	0.00	0.00	0.00	0.00	0.00	0.00	0.00	0.00	0.00	0.00	0.00
0.00	0.00	0.00	0.00	0.00	0.00	0.00	0.00	0.00	0.00	0.00	0.00	0.00	0.00	0.00	0.00	0.00	0.00	0.00	0.00	0.00	0.00	0.00	0.00	0.00	0.00	0.00	0.00	0.00	9.56	8.11	10.21	11.16	14.46	12.16	12.10	7.51	7.18	7.87	14.48	12.08	8.77	7.21	8.57	11.00	8.87	10.30	8.92	9.29	9.95	8.53	8.99	7.60	7.85	8.58	7.70	12.17	8.31	8.30	12.08	7.80	0.00	0.00	0.00	0.00	0.00	0.00	0.00	0.00	0.00	0.00	0.00	0.00	0.00	0.00	0.00	0.00	0.00	0.00	0.00
0.00	0.00	0.00	0.00	0.00	0.00	0.00	0.00	0.00	0.00	0.00	0.00	0.00	0.00	0.00	0.00	0.00	0.00	0.00	0.00	0.00	0.00	0.00	0.00	0.00	0.00	0.00	0.00	0.00	8.58	9.82	8.45	9.04	9.47	9.58	7.95	8.48	7.24	8.10	8.07	11.44	7.59	8.65	7.59	7.87	20.67	15.56	8.07	9.33	7.20	10.04	8.07	8.86	7.88	8.55	7.57	7.67	8.34	23.39	8.54	9.56	0.00	0.00	0.00	0.00	0.00	0.00	0.00	0.00	0.00	0.00	0.00	0.00	0.00	0.00	0.00	0.00	0.00	0.00	0.00
0.00	0.00	0.00	0.00	0.00	0.00	0.00	0.00	0.00	0.00	0.00	0.00	0.00	0.00	0.00	0.00	0.00	0.00	0.00	0.00	0.00	0.00	0.00	0.00	0.00	0.00	0.00	0.00	0.00	9.37	16.68	7.64	9.38	8.08	9.26	9.19	7.85	7.45	25.06	9.84	10.28	7.51	15.97	10.02	8.84	7.61	9.21	8.71	7.30	7.51	7.49	7.38	9.01	8.31	9.26	8.95	7.93	7.75	7.40	8.90	11.92	0.00	0.00	0.00	0.00	0.00	0.00	0.00	0.00	0.00	0.00	0.00	0.00	0.00	0.00	0.00	0.00	0.00	0.00	0.00
0.00	0.00	0.00	0.00	0.00	0.00	0.00	0.00	0.00	0.00	0.00	0.00	0.00	0.00	0.00	0.00	0.00	0.00	0.00	0.00	0.00	0.00	0.00	0.00	0.00	0.00	0.00	0.00	0.00	7.77	7.25	11.02	9.28	7.31	11.24	9.04	17.80	13.08	8.57	10.25	9.80	9.12	8.18	9.12	8.21	7.34	10.34	8.48	7.37	10.44	7.26	9.44	14.96	7.95	14.02	14.51	7.80	7.17	8.71	8.84	8.95	0.00	0.00	0.00	0.00	0.00	0.00	0.00	0.00	0.00	0.00	0.00	0.00	0.00	0.00	0.00	0.00	0.00	0.00	0.00
0.00	0.00	0.00	0.00	0.00	0.00	0.00	0.00	0.00	0.00	0.00	0.00	0.00	0.00	0.00	0.00	0.00	0.00	0.00	0.00	0.00	0.00	0.00	0.00	0.00	0.00	0.00	0.00	0.00	9.86	7.56	8.45	31.26	7.83	9.53	7.18	7.67	11.41	8.35	8.63	10.41	8.27	7.52	9.56	7.92	9.25	7.52	17.30	9.34	9.58	9.61	7.71	9.83	7.43	7.15	21.26	10.85	8.41	8.20	7.95	13.08	0.00	0.00	0.00	0.00	0.00	0.00	0.00	0.00	0.00	0.00	0.00	0.00	0.00	0.00	0.00	0.00	0.00	0.00	0.00
0.00	0.00	0.00	0.00	0.00	0.00	0.00	0.00	0.00	0.00	0.00	0.00	0.00	0.00	0.00	0.00	0.00	0.00	0.00	0.00	0.00	0.00	0.00	0.00	0.00	0.00	0.00	0.00	0.00	8.13	12.45	7.60	10.96	7.59	7.44	12.76	13.24	7.47	8.35	18.16	10.30	7.73	7.61	8.60	9.65	7.63	17.59	7.55	11.65	7.46	7.76	8.00	8.70	10.44	7.31	7.28	14.95	7.50	9.41	7.26	7.65	0.00	0.00	0.00	0.00	0.00	0.00	0.00	0.00	0.00	0.00	0.00	0.00	0.00	0.00	0.00	0.00	0.00	0.00	0.00
0.00	0.00	0.00	0.00	0.00	0.00	0.00	0.00	0.00	0.00	0.00	0.00	0.00	0.00	0.00	0.00	0.00	0.00	0.00	0.00	0.00	0.00	0.00	0.00	0.00	0.00	0.00	0.00	0.00	7.31	8.23	9.12	7.69	8.01	8.84	19.49	7.88	8.38	14.51	7.62	9.45	8.88	9.37	7.78	10.39	7.91	24.66	7.94	13.40	9.82	8.01	7.43	7.43	7.66	12.85	9.33	11.74	8.31	16.90	8.45	9.31	0.00	0.00	0.00	0.00	0.00	0.00	0.00	0.00	0.00	0.00	0.00	0.00	0.00	0.00	0.00	0.00	0.00	0.00	0.00
0.00	0.00	0.00	0.00	0.00	0.00	0.00	0.00	0.00	0.00	0.00	0.00	0.00	0.00	0.00	0.00	0.00	0.00	0.00	0.00	0.00	0.00	0.00	0.00	0.00	0.00	0.00	0.00	0.00	8.21	8.59	9.78	7.49	9.33	7.32	8.59	10.58	7.78	7.29	8.01	10.10	7.50	8.08	8.51	7.42	9.30	8.13	9.14	7.66	9.64	9.86	7.90	7.38	11.64	17.95	7.86	13.30	26.46	11.11	7.34	7.97	0.00	0.00	0.00	0.00	0.00	0.00	0.00	0.00	0.00	0.00	0.00	0.00	0.00	0.00	0.00	0.00	0.00	0.00	0.00
0.00	0.00	0.00	0.00	0.00	0.00	0.00	0.00	0.00	0.00	0.00	0.00	0.00	0.00	0.00	0.00	0.00	0.00	0.00	0.00	0.00	0.00	0.00	0.00	0.00	0.00	0.00	0.00	0.00	7.89	11.15	7.38	7.33	10.78	12.01	11.48	7.44	9.08	12.02	8.78	7.81	9.32	11.41	7.46	12.00	7.45	7.82	17.53	10.02	7.50	8.68	9.56	9.98	8.17	8.34	7.56	9.12	8.71	7.85	8.40	7.77	0.00	0.00	0.00	0.00	0.00	0.00	0.00	0.00	0.00	0.00	0.00	0.00	0.00	0.00	0.00	0.00	0.00	0.00	0.00
0.00	0.00	0.00	0.00	0.00	0.00	0.00	0.00	0.00	0.00	0.00	0.00	0.00	0.00	0.00	0.00	0.00	0.00	0.00	0.00	0.00	0.00	0.00	0.00	0.00	0.00	0.00	0.00	0.00	7.59	22.23	17.66	17.38	8.93	7.20	7.77	14.39	20.48	7.80	8.69	8.70	7.34	8.25	8.18	8.91	11.81	11.48	9.13	10.05	8.53	8.94	14.94	7.82	8.21	13.38	8.83	7.74	14.46	7.39	9.03	7.12	0.00	0.00	0.00	0.00	0.00	0.00	0.00	0.00	0.00	0.00	0.00	0.00	0.00	0.00	0.00	0.00	0.00	0.00	0.00
0.00	0.00	0.00	0.00	0.00	0.00	0.00	0.00	0.00	0.00	0.00	0.00	0.00	0.00	0.00	0.00	0.00	0.00	0.00	0.00	0.00	0.00	0.00	0.00	0.00	0.00	0.00	0.00	0.00	9.73	7.45	7.19	7.73	8.79	7.95	9.99	7.18	7.69	8.25	8.32	9.86	7.14	7.20	23.56	8.30	9.51	7.53	12.01	8.60	15.18	12.39	7.53	8.30	13.02	21.44	8.03	10.25	7.54	10.85	9.01	10.53	0.00	0.00	0.00	0.00	0.00	0.00	0.00	0.00	0.00	0.00	0.00	0.00	0.00	0.00	0.00	0.00	0.00	0.00	0.00
0.00	0.00	0.00	0.00	0.00	0.00	0.00	0.00	0.00	0.00	0.00	0.00	0.00	0.00	0.00	0.00	0.00	0.00	0.00	0.00	0.00	0.00	0.00	0.00	0.00	0.00	0.00	0.00	0.00	8.72	7.66	7.32	11.45	9.40	8.81	20.78	9.28	18.57	10.25	8.02	7.80	8.34	8.06	15.78	7.34	13.84	8.92	10.50	7.58	8.01	11.79	9.33	7.69	9.14	8.99	8.74	16.27	12.90	7.61	7.41	17.75	0.00	0.00	0.00	0.00	0.00	0.00	0.00	0.00	0.00	0.00	0.00	0.00	0.00	0.00	0.00	0.00	0.00	0.00	0.00
0.00	0.00	0.00	0.00	0.00	0.00	0.00	0.00	0.00	0.00	0.00	0.00	0.00	0.00	0.00	0.00	0.00	0.00	0.00	0.00	0.00	0.00	0.00	0.00	0.00	0.00	0.00	0.00	0.00	0.00	0.00	0.00	0.00	0.00	0.00	0.00	0.00	0.00	0.00	0.00	0.00	0.00	0.00	10.93	8.27	8.21	8.44	10.38	7.55	7.43	8.65	9.78	8.98	8.10	8.05	10.56	9.73	7.31	7.81	9.38	9.72	0.00	0.00	0.00	0.00	0.00	0.00	0.00	0.00	0.00	0.00	0.00	0.00	0.00	0.00	0.00	0.00	0.00	0.00	0.00
0.00	0.00	0.00	0.00	0.00	0.00	0.00	0.00	0.00	0.00	0.00	0.00	0.00	0.00	0.00	0.00	0.00	0.00	0.00	0.00	0.00	0.00	0.00	0.00	0.00	0.00	0.00	0.00	0.00	0.00	0.00	0.00	0.00	0.00	0.00	0.00	0.00	0.00	0.00	0.00	0.00	0.00	0.00	9.56	8.54	11.11	10.77	12.97	10.46	8.93	7.97	11.68	9.07	7.72	8.02	7.65	11.18	8.25	9.63	7.49	13.53	0.00	0.00	0.00	0.00	0.00	0.00	0.00	0.00	0.00	0.00	0.00	0.00	0.00	0.00	0.00	0.00	0.00	0.00	0.00
0.00	0.00	0.00	0.00	0.00	0.00	0.00	0.00	0.00	0.00	0.00	0.00	0.00	0.00	0.00	0.00	0.00	0.00	0.00	0.00	0.00	0.00	0.00	0.00	0.00	0.00	0.00	0.00	0.00	0.00	0.00	0.00	0.00	0.00	0.00	0.00	0.00	0.00	0.00	0.00	0.00	0.00	0.00	10.77	8.83	7.54	7.23	23.30	7.31	7.94	7.50	12.81	16.44	7.98	8.28	8.42	7.35	9.21	7.36	9.12	8.75	0.00	0.00	0.00	0.00	0.00	0.00	0.00	0.00	0.00	0.00	0.00	0.00	0.00	0.00	0.00	0.00	0.00	0.00	0.00
0.00	0.00	0.00	0.00	0.00	0.00	0.00	0.00	0.00	0.00	0.00	0.00	0.00	0.00	0.00	0.00	0.00	0.00	0.00	0.00	0.00	0.00	0.00	0.00	0.00	0.00	0.00	0.00	0.00	0.00	0.00	0.00	0.00	0.00	0.00	0.00	0.00	0.00	0.00	0.00	0.00	0.00	0.00	9.43	8.07	9.10	8.87	8.91	8.23	8.15	9.26	7.55	17.15	9.46	10.66	7.30	9.92	10.07	14.82	10.01	7.48	0.00	0.00	0.00	0.00	0.00	0.00	0.00	0.00	0.00	0.00	0.00	0.00	0.00	0.00	0.00	0.00	0.00	0.00	0.00
0.00	0.00	0.00	0.00	0.00	0.00	0.00	0.00	0.00	0.00	0.00	0.00	0.00	0.00	0.00	0.00	0.00	0.00	0.00	0.00	0.00	0.00	0.00	0.00	0.00	0.00	0.00	0.00	0.00	0.00	0.00	0.00	0.00	0.00	0.00	0.00	0.00	0.00	0.00	0.00	0.00	0.00	0.00	11.19	11.16	12.07	9.14	8.23	8.90	9.48	23.66	8.75	11.77	10.85	8.39	8.12	8.41	8.46	8.83	15.15	7.69	0.00	0.00	0.00	0.00	0.00	0.00	0.00	0.00	0.00	0.00	0.00	0.00	0.00	0.00	0.00	0.00	0.00	0.00	0.00
