0.200000000000	0.000000000000	1.000000000000	1450.000000000000	1450.000000000000
0.220512820513	0.002564102564	0.974358974359	21.857492994394	21.857492994394
0.241025641026	0.005128205128	0.948717948718	15.455581516074	15.455581516074
0.261538461538	0.007692307692	0.923076923077	12.619429464124	12.619429464124
0.282051282051	0.010256410256	0.897435897436	10.928746497197	10.928746497197
0.302564102564	0.012820512821	0.871794871795	9.774968030638	9.774968030638
0.323076923077	0.015384615385	0.846153846154	8.923284148787	8.923284148787
0.343589743590	0.017948717949	0.820512820513	8.261355820929	8.261355820929
0.364102564103	0.020512820513	0.794871794872	7.727790758037	7.727790758037
0.384615384615	0.023076923077	0.769230769231	7.285830998131	7.285830998131
0.405128205128	0.025641025641	0.743589743590	6.911946180346	6.911946180346
0.425641025641	0.028205128205	0.717948717949	6.590282101839	6.590282101839
0.446153846154	0.030769230769	0.692307692308	6.309714732062	6.309714732062
0.466666666667	0.033333333333	0.666666666667	6.062177826491	6.062177826491
0.487179487179	0.035897435897	0.641025641026	5.841660722774	5.841660722774
0.507692307692	0.038461538462	0.615384615385	5.643580423809	5.643580423809
0.528205128205	0.041025641026	0.589743589744	5.464373248599	5.464373248599
0.548717948718	0.043589743590	0.564102564103	5.301220725123	5.301220725123
0.569230769231	0.046153846154	0.538461538462	5.151860505358	5.151860505358
0.589743589744	0.048717948718	0.512820512821	5.014452795880	5.014452795880
0.610256410256	0.051282051282	0.487179487179	4.887484015319	4.887484015319
0.630769230769	0.053846153846	0.461538461538	4.769696007085	4.769696007085
0.651282051282	0.056410256410	0.435897435897	4.660033164143	4.660033164143
0.671794871795	0.058974358974	0.410256410256	4.557602344483	4.557602344483
0.692307692308	0.061538461538	0.384615384615	4.461642074394	4.461642074394
0.712820512821	0.064102564103	0.358974358974	4.371498598879	4.371498598879
0.733333333333	0.066666666667	0.333333333333	4.286607049871	4.286607049871
0.753846153846	0.069230769231	0.307692307692	4.206476488041	4.206476488041
0.774358974359	0.071794871795	0.282051282051	4.130677910465	4.130677910465
0.794871794872	0.074358974359	0.256410256410	4.058834553297	4.058834553297
0.815384615385	0.076923076923	0.230769230769	3.990613987847	3.990613987847
0.835897435897	0.079487179487	0.205128205128	3.925721630806	3.925721630806
0.856410256410	0.082051282051	0.179487179487	3.863895379018	3.863895379018
0.876923076923	0.084615384615	0.153846153846	3.804901145532	3.804901145532
0.897435897436	0.087179487179	0.128205128205	3.748529123301	3.748529123301
0.917948717949	0.089743589744	0.102564102564	3.694590640382	3.694590640382
0.938461538462	0.092307692308	0.076923076923	3.642915499066	3.642915499066
0.958974358974	0.094871794872	0.051282051282	3.593349713312	3.593349713312
0.979487179487	0.097435897436	0.025641025641	3.545753575906	3.545753575906
1.000000000000	0.100000000000	0.000000000000	3.500000000000	3.500000000000
