14.700000000000	1.000000000000	1.010000000000	0.993000000000	3.000000000000	0.011600000000
68.900555555556	10.970977777778	1.013963333333	0.983777777778	2.888888888889	0.011666666667
123.101111111111	20.941955555556	1.017926666667	0.974555555556	2.777777777778	0.011733333333
177.301666666667	30.912933333333	1.021890000000	0.965333333333	2.666666666667	0.011800000000
231.502222222222	40.883911111111	1.025853333333	0.956111111111	2.555555555556	0.011866666667
285.702777777778	50.854888888889	1.029816666667	0.946888888889	2.444444444444	0.011933333333
339.903333333333	60.825866666667	1.033780000000	0.937666666667	2.333333333333	0.012000000000
394.103888888889	70.796844444444	1.037743333333	0.928444444444	2.222222222222	0.012066666667
448.304444444444	80.767822222222	1.041706666667	0.919222222222	2.111111111111	0.012133333333
502.505000000000	90.738800000000	1.045670000000	0.910000000000	2.000000000000	0.012200000000
